location,sex,age,cause,year,incidence_number
6,1,22,468,1990,1760.64
6,1,22,468,1991,1831.92
6,1,22,468,1992,1958.61
6,1,22,468,1993,2056.39
6,1,22,468,1994,2262.67
6,1,22,468,1995,2424.31
6,1,22,468,1996,2587.16
6,1,22,468,1997,2693.39
6,1,22,468,1998,2763.19
6,1,22,468,1999,2774.38
6,1,22,468,2000,2744.01
6,1,22,468,2001,2705.71
6,1,22,468,2002,2703.46
6,1,22,468,2003,2656.28
6,1,22,468,2004,2651.15
6,1,22,468,2005,2741
6,1,22,468,2006,2838.79
6,1,22,468,2007,2965.62
6,1,22,468,2008,3122.46
6,1,22,468,2009,3309.16
6,1,22,468,2010,3482.52
6,1,22,468,2011,3685.87
6,1,22,468,2012,3888.62
6,1,22,468,2013,4176.42
6,1,22,468,2014,4464.48
6,1,22,468,2015,4755.96
6,1,22,468,2016,5065.41
6,3,22,468,1990,1760.64
6,3,22,468,1991,1831.92
6,3,22,468,1992,1958.61
6,3,22,468,1993,2056.39
6,3,22,468,1994,2262.67
6,3,22,468,1995,2424.31
6,3,22,468,1996,2587.16
6,3,22,468,1997,2693.39
6,3,22,468,1998,2763.19
6,3,22,468,1999,2774.38
6,3,22,468,2000,2744.01
6,3,22,468,2001,2705.71
6,3,22,468,2002,2703.46
6,3,22,468,2003,2656.28
6,3,22,468,2004,2651.15
6,3,22,468,2005,2741
6,3,22,468,2006,2838.79
6,3,22,468,2007,2965.62
6,3,22,468,2008,3122.46
6,3,22,468,2009,3309.16
6,3,22,468,2010,3482.52
6,3,22,468,2011,3685.87
6,3,22,468,2012,3888.62
6,3,22,468,2013,4176.42
6,3,22,468,2014,4464.48
6,3,22,468,2015,4755.96
6,3,22,468,2016,5065.41
7,1,22,468,1990,21.98
7,1,22,468,1991,22.76
7,1,22,468,1992,23.52
7,1,22,468,1993,24.21
7,1,22,468,1994,24.83
7,1,22,468,1995,25.37
7,1,22,468,1996,25.66
7,1,22,468,1997,25.89
7,1,22,468,1998,26.05
7,1,22,468,1999,26.03
7,1,22,468,2000,26.04
7,1,22,468,2001,26.06
7,1,22,468,2002,26.11
7,1,22,468,2003,26.19
7,1,22,468,2004,26.25
7,1,22,468,2005,26.3
7,1,22,468,2006,26.31
7,1,22,468,2007,26.33
7,1,22,468,2008,26.43
7,1,22,468,2009,26.58
7,1,22,468,2010,26.8
7,1,22,468,2011,27.01
7,1,22,468,2012,27.23
7,1,22,468,2013,27.51
7,1,22,468,2014,27.8
7,1,22,468,2015,28.09
7,1,22,468,2016,28.4
7,3,22,468,1990,21.98
7,3,22,468,1991,22.76
7,3,22,468,1992,23.52
7,3,22,468,1993,24.21
7,3,22,468,1994,24.83
7,3,22,468,1995,25.37
7,3,22,468,1996,25.66
7,3,22,468,1997,25.89
7,3,22,468,1998,26.05
7,3,22,468,1999,26.03
7,3,22,468,2000,26.04
7,3,22,468,2001,26.06
7,3,22,468,2002,26.11
7,3,22,468,2003,26.19
7,3,22,468,2004,26.25
7,3,22,468,2005,26.3
7,3,22,468,2006,26.31
7,3,22,468,2007,26.33
7,3,22,468,2008,26.43
7,3,22,468,2009,26.58
7,3,22,468,2010,26.8
7,3,22,468,2011,27.01
7,3,22,468,2012,27.23
7,3,22,468,2013,27.51
7,3,22,468,2014,27.8
7,3,22,468,2015,28.09
7,3,22,468,2016,28.4
8,1,22,468,1990,98.48
8,1,22,468,1991,102.46
8,1,22,468,1992,105.15
8,1,22,468,1993,108.25
8,1,22,468,1994,111.4
8,1,22,468,1995,113.97
8,1,22,468,1996,114.97
8,1,22,468,1997,123.4
8,1,22,468,1998,127.66
8,1,22,468,1999,122.78
8,1,22,468,2000,128
8,1,22,468,2001,132.12
8,1,22,468,2002,135.84
8,1,22,468,2003,142.35
8,1,22,468,2004,153.59
8,1,22,468,2005,168.83
8,1,22,468,2006,181.35
8,1,22,468,2007,194.26
8,1,22,468,2008,202.25
8,1,22,468,2009,212.29
8,1,22,468,2010,228.52
8,1,22,468,2011,241.89
8,1,22,468,2012,249.88
8,1,22,468,2013,255.84
8,1,22,468,2014,262.24
8,1,22,468,2015,280.53
8,1,22,468,2016,287.21
8,3,22,468,1990,98.48
8,3,22,468,1991,102.46
8,3,22,468,1992,105.15
8,3,22,468,1993,108.25
8,3,22,468,1994,111.4
8,3,22,468,1995,113.97
8,3,22,468,1996,114.97
8,3,22,468,1997,123.4
8,3,22,468,1998,127.66
8,3,22,468,1999,122.78
8,3,22,468,2000,128
8,3,22,468,2001,132.12
8,3,22,468,2002,135.84
8,3,22,468,2003,142.35
8,3,22,468,2004,153.59
8,3,22,468,2005,168.83
8,3,22,468,2006,181.35
8,3,22,468,2007,194.26
8,3,22,468,2008,202.25
8,3,22,468,2009,212.29
8,3,22,468,2010,228.52
8,3,22,468,2011,241.89
8,3,22,468,2012,249.88
8,3,22,468,2013,255.84
8,3,22,468,2014,262.24
8,3,22,468,2015,280.53
8,3,22,468,2016,287.21
10,1,22,468,1990,16.59
10,1,22,468,1991,16.83
10,1,22,468,1992,17.13
10,1,22,468,1993,17.6
10,1,22,468,1994,18.15
10,1,22,468,1995,18.87
10,1,22,468,1996,19.19
10,1,22,468,1997,19.78
10,1,22,468,1998,20.42
10,1,22,468,1999,20.94
10,1,22,468,2000,21.6
10,1,22,468,2001,21.91
10,1,22,468,2002,22.21
10,1,22,468,2003,22.52
10,1,22,468,2004,22.82
10,1,22,468,2005,22.99
10,1,22,468,2006,23.27
10,1,22,468,2007,23.81
10,1,22,468,2008,24.49
10,1,22,468,2009,25.43
10,1,22,468,2010,26.21
10,1,22,468,2011,26.79
10,1,22,468,2012,27.18
10,1,22,468,2013,27.73
10,1,22,468,2014,28.43
10,1,22,468,2015,29.05
10,1,22,468,2016,29.66
10,3,22,468,1990,16.59
10,3,22,468,1991,16.83
10,3,22,468,1992,17.13
10,3,22,468,1993,17.6
10,3,22,468,1994,18.15
10,3,22,468,1995,18.87
10,3,22,468,1996,19.19
10,3,22,468,1997,19.78
10,3,22,468,1998,20.42
10,3,22,468,1999,20.94
10,3,22,468,2000,21.6
10,3,22,468,2001,21.91
10,3,22,468,2002,22.21
10,3,22,468,2003,22.52
10,3,22,468,2004,22.82
10,3,22,468,2005,22.99
10,3,22,468,2006,23.27
10,3,22,468,2007,23.81
10,3,22,468,2008,24.49
10,3,22,468,2009,25.43
10,3,22,468,2010,26.21
10,3,22,468,2011,26.79
10,3,22,468,2012,27.18
10,3,22,468,2013,27.73
10,3,22,468,2014,28.43
10,3,22,468,2015,29.05
10,3,22,468,2016,29.66
11,1,22,468,1990,380.14
11,1,22,468,1991,393.54
11,1,22,468,1992,409.4
11,1,22,468,1993,421.97
11,1,22,468,1994,434.32
11,1,22,468,1995,447.78
11,1,22,468,1996,459.77
11,1,22,468,1997,479.02
11,1,22,468,1998,493.2
11,1,22,468,1999,506.44
11,1,22,468,2000,521.38
11,1,22,468,2001,525.98
11,1,22,468,2002,538.23
11,1,22,468,2003,546.14
11,1,22,468,2004,555.95
11,1,22,468,2005,566.18
11,1,22,468,2006,579.37
11,1,22,468,2007,595.53
11,1,22,468,2008,612.54
11,1,22,468,2009,631.07
11,1,22,468,2010,650.16
11,1,22,468,2011,671.78
11,1,22,468,2012,696.62
11,1,22,468,2013,726.04
11,1,22,468,2014,759.65
11,1,22,468,2015,797.61
11,1,22,468,2016,835.28
11,3,22,468,1990,380.14
11,3,22,468,1991,393.54
11,3,22,468,1992,409.4
11,3,22,468,1993,421.97
11,3,22,468,1994,434.32
11,3,22,468,1995,447.78
11,3,22,468,1996,459.77
11,3,22,468,1997,479.02
11,3,22,468,1998,493.2
11,3,22,468,1999,506.44
11,3,22,468,2000,521.38
11,3,22,468,2001,525.98
11,3,22,468,2002,538.23
11,3,22,468,2003,546.14
11,3,22,468,2004,555.95
11,3,22,468,2005,566.18
11,3,22,468,2006,579.37
11,3,22,468,2007,595.53
11,3,22,468,2008,612.54
11,3,22,468,2009,631.07
11,3,22,468,2010,650.16
11,3,22,468,2011,671.78
11,3,22,468,2012,696.62
11,3,22,468,2013,726.04
11,3,22,468,2014,759.65
11,3,22,468,2015,797.61
11,3,22,468,2016,835.28
12,1,22,468,1990,8.9
12,1,22,468,1991,8.99
12,1,22,468,1992,9.09
12,1,22,468,1993,9.19
12,1,22,468,1994,9.27
12,1,22,468,1995,9.37
12,1,22,468,1996,9.41
12,1,22,468,1997,9.44
12,1,22,468,1998,9.48
12,1,22,468,1999,9.39
12,1,22,468,2000,9.36
12,1,22,468,2001,9.32
12,1,22,468,2002,8.99
12,1,22,468,2003,8.86
12,1,22,468,2004,8.73
12,1,22,468,2005,8.69
12,1,22,468,2006,8.74
12,1,22,468,2007,8.78
12,1,22,468,2008,8.92
12,1,22,468,2009,8.99
12,1,22,468,2010,9.08
12,1,22,468,2011,9.03
12,1,22,468,2012,9.22
12,1,22,468,2013,9.46
12,1,22,468,2014,9.73
12,1,22,468,2015,10.04
12,1,22,468,2016,10.36
12,3,22,468,1990,8.9
12,3,22,468,1991,8.99
12,3,22,468,1992,9.09
12,3,22,468,1993,9.19
12,3,22,468,1994,9.27
12,3,22,468,1995,9.37
12,3,22,468,1996,9.41
12,3,22,468,1997,9.44
12,3,22,468,1998,9.48
12,3,22,468,1999,9.39
12,3,22,468,2000,9.36
12,3,22,468,2001,9.32
12,3,22,468,2002,8.99
12,3,22,468,2003,8.86
12,3,22,468,2004,8.73
12,3,22,468,2005,8.69
12,3,22,468,2006,8.74
12,3,22,468,2007,8.78
12,3,22,468,2008,8.92
12,3,22,468,2009,8.99
12,3,22,468,2010,9.08
12,3,22,468,2011,9.03
12,3,22,468,2012,9.22
12,3,22,468,2013,9.46
12,3,22,468,2014,9.73
12,3,22,468,2015,10.04
12,3,22,468,2016,10.36
13,1,22,468,1990,28.68
13,1,22,468,1991,29.91
13,1,22,468,1992,31.17
13,1,22,468,1993,32.74
13,1,22,468,1994,35.17
13,1,22,468,1995,37.69
13,1,22,468,1996,40.72
13,1,22,468,1997,44.41
13,1,22,468,1998,46.46
13,1,22,468,1999,47.61
13,1,22,468,2000,50.76
13,1,22,468,2001,59.44
13,1,22,468,2002,66.72
13,1,22,468,2003,76.07
13,1,22,468,2004,82.09
13,1,22,468,2005,87.91
13,1,22,468,2006,96.09
13,1,22,468,2007,101.65
13,1,22,468,2008,108.11
13,1,22,468,2009,114.16
13,1,22,468,2010,124.48
13,1,22,468,2011,136.75
13,1,22,468,2012,149.82
13,1,22,468,2013,162.13
13,1,22,468,2014,175.1
13,1,22,468,2015,188.95
13,1,22,468,2016,199.94
13,3,22,468,1990,28.68
13,3,22,468,1991,29.91
13,3,22,468,1992,31.17
13,3,22,468,1993,32.74
13,3,22,468,1994,35.17
13,3,22,468,1995,37.69
13,3,22,468,1996,40.72
13,3,22,468,1997,44.41
13,3,22,468,1998,46.46
13,3,22,468,1999,47.61
13,3,22,468,2000,50.76
13,3,22,468,2001,59.44
13,3,22,468,2002,66.72
13,3,22,468,2003,76.07
13,3,22,468,2004,82.09
13,3,22,468,2005,87.91
13,3,22,468,2006,96.09
13,3,22,468,2007,101.65
13,3,22,468,2008,108.11
13,3,22,468,2009,114.16
13,3,22,468,2010,124.48
13,3,22,468,2011,136.75
13,3,22,468,2012,149.82
13,3,22,468,2013,162.13
13,3,22,468,2014,175.1
13,3,22,468,2015,188.95
13,3,22,468,2016,199.94
14,1,22,468,1990,0.14
14,1,22,468,1991,0.14
14,1,22,468,1992,0.15
14,1,22,468,1993,0.15
14,1,22,468,1994,0.14
14,1,22,468,1995,0.14
14,1,22,468,1996,0.14
14,1,22,468,1997,0.14
14,1,22,468,1998,0.14
14,1,22,468,1999,0.14
14,1,22,468,2000,0.14
14,1,22,468,2001,0.15
14,1,22,468,2002,0.15
14,1,22,468,2003,0.15
14,1,22,468,2004,0.15
14,1,22,468,2005,0.16
14,1,22,468,2006,0.16
14,1,22,468,2007,0.17
14,1,22,468,2008,0.18
14,1,22,468,2009,0.2
14,1,22,468,2010,0.21
14,1,22,468,2011,0.23
14,1,22,468,2012,0.25
14,1,22,468,2013,0.27
14,1,22,468,2014,0.3
14,1,22,468,2015,0.33
14,1,22,468,2016,0.36
14,3,22,468,1990,0.14
14,3,22,468,1991,0.14
14,3,22,468,1992,0.15
14,3,22,468,1993,0.15
14,3,22,468,1994,0.14
14,3,22,468,1995,0.14
14,3,22,468,1996,0.14
14,3,22,468,1997,0.14
14,3,22,468,1998,0.14
14,3,22,468,1999,0.14
14,3,22,468,2000,0.14
14,3,22,468,2001,0.15
14,3,22,468,2002,0.15
14,3,22,468,2003,0.15
14,3,22,468,2004,0.15
14,3,22,468,2005,0.16
14,3,22,468,2006,0.16
14,3,22,468,2007,0.17
14,3,22,468,2008,0.18
14,3,22,468,2009,0.2
14,3,22,468,2010,0.21
14,3,22,468,2011,0.23
14,3,22,468,2012,0.25
14,3,22,468,2013,0.27
14,3,22,468,2014,0.3
14,3,22,468,2015,0.33
14,3,22,468,2016,0.36
15,1,22,468,1990,103.64
15,1,22,468,1991,105.35
15,1,22,468,1992,106.74
15,1,22,468,1993,107.56
15,1,22,468,1994,108.18
15,1,22,468,1995,108.91
15,1,22,468,1996,109.08
15,1,22,468,1997,109.34
15,1,22,468,1998,109.42
15,1,22,468,1999,109.25
15,1,22,468,2000,109.18
15,1,22,468,2001,108.55
15,1,22,468,2002,107.94
15,1,22,468,2003,107.22
15,1,22,468,2004,106.44
15,1,22,468,2005,105.67
15,1,22,468,2006,105.03
15,1,22,468,2007,104.81
15,1,22,468,2008,105.13
15,1,22,468,2009,105.74
15,1,22,468,2010,106.58
15,1,22,468,2011,107.68
15,1,22,468,2012,109.4
15,1,22,468,2013,111.85
15,1,22,468,2014,115.06
15,1,22,468,2015,118.64
15,1,22,468,2016,122.59
15,3,22,468,1990,103.64
15,3,22,468,1991,105.35
15,3,22,468,1992,106.74
15,3,22,468,1993,107.56
15,3,22,468,1994,108.18
15,3,22,468,1995,108.91
15,3,22,468,1996,109.08
15,3,22,468,1997,109.34
15,3,22,468,1998,109.42
15,3,22,468,1999,109.25
15,3,22,468,2000,109.18
15,3,22,468,2001,108.55
15,3,22,468,2002,107.94
15,3,22,468,2003,107.22
15,3,22,468,2004,106.44
15,3,22,468,2005,105.67
15,3,22,468,2006,105.03
15,3,22,468,2007,104.81
15,3,22,468,2008,105.13
15,3,22,468,2009,105.74
15,3,22,468,2010,106.58
15,3,22,468,2011,107.68
15,3,22,468,2012,109.4
15,3,22,468,2013,111.85
15,3,22,468,2014,115.06
15,3,22,468,2015,118.64
15,3,22,468,2016,122.59
16,1,22,468,1990,88.66
16,1,22,468,1991,90.27
16,1,22,468,1992,90.36
16,1,22,468,1993,94.77
16,1,22,468,1994,100.19
16,1,22,468,1995,102.21
16,1,22,468,1996,107.84
16,1,22,468,1997,107.81
16,1,22,468,1998,112.57
16,1,22,468,1999,125.98
16,1,22,468,2000,133.23
16,1,22,468,2001,137.56
16,1,22,468,2002,150.61
16,1,22,468,2003,153.99
16,1,22,468,2004,158.22
16,1,22,468,2005,163.15
16,1,22,468,2006,166.66
16,1,22,468,2007,176.81
16,1,22,468,2008,184.86
16,1,22,468,2009,185.76
16,1,22,468,2010,193.03
16,1,22,468,2011,192.29
16,1,22,468,2012,204.8
16,1,22,468,2013,200.91
16,1,22,468,2014,202.38
16,1,22,468,2015,204.34
16,1,22,468,2016,211.32
16,3,22,468,1990,88.66
16,3,22,468,1991,90.27
16,3,22,468,1992,90.36
16,3,22,468,1993,94.77
16,3,22,468,1994,100.19
16,3,22,468,1995,102.21
16,3,22,468,1996,107.84
16,3,22,468,1997,107.81
16,3,22,468,1998,112.57
16,3,22,468,1999,125.98
16,3,22,468,2000,133.23
16,3,22,468,2001,137.56
16,3,22,468,2002,150.61
16,3,22,468,2003,153.99
16,3,22,468,2004,158.22
16,3,22,468,2005,163.15
16,3,22,468,2006,166.66
16,3,22,468,2007,176.81
16,3,22,468,2008,184.86
16,3,22,468,2009,185.76
16,3,22,468,2010,193.03
16,3,22,468,2011,192.29
16,3,22,468,2012,204.8
16,3,22,468,2013,200.91
16,3,22,468,2014,202.38
16,3,22,468,2015,204.34
16,3,22,468,2016,211.32
17,1,22,468,1990,35.55
17,1,22,468,1991,36.39
17,1,22,468,1992,37.41
17,1,22,468,1993,38.89
17,1,22,468,1994,40.92
17,1,22,468,1995,42.05
17,1,22,468,1996,49.03
17,1,22,468,1997,65.01
17,1,22,468,1998,76.21
17,1,22,468,1999,82.83
17,1,22,468,2000,84.2
17,1,22,468,2001,84.04
17,1,22,468,2002,83.19
17,1,22,468,2003,81.66
17,1,22,468,2004,78.35
17,1,22,468,2005,73.99
17,1,22,468,2006,67.23
17,1,22,468,2007,66.97
17,1,22,468,2008,63.66
17,1,22,468,2009,60.42
17,1,22,468,2010,61.42
17,1,22,468,2011,64.79
17,1,22,468,2012,68.61
17,1,22,468,2013,72.67
17,1,22,468,2014,77.21
17,1,22,468,2015,82.2
17,1,22,468,2016,87.38
17,3,22,468,1990,35.55
17,3,22,468,1991,36.39
17,3,22,468,1992,37.41
17,3,22,468,1993,38.89
17,3,22,468,1994,40.92
17,3,22,468,1995,42.05
17,3,22,468,1996,49.03
17,3,22,468,1997,65.01
17,3,22,468,1998,76.21
17,3,22,468,1999,82.83
17,3,22,468,2000,84.2
17,3,22,468,2001,84.04
17,3,22,468,2002,83.19
17,3,22,468,2003,81.66
17,3,22,468,2004,78.35
17,3,22,468,2005,73.99
17,3,22,468,2006,67.23
17,3,22,468,2007,66.97
17,3,22,468,2008,63.66
17,3,22,468,2009,60.42
17,3,22,468,2010,61.42
17,3,22,468,2011,64.79
17,3,22,468,2012,68.61
17,3,22,468,2013,72.67
17,3,22,468,2014,77.21
17,3,22,468,2015,82.2
17,3,22,468,2016,87.38
18,1,22,468,1990,73.37
18,1,22,468,1991,78.6
18,1,22,468,1992,84.89
18,1,22,468,1993,94.15
18,1,22,468,1994,102.94
18,1,22,468,1995,110.01
18,1,22,468,1996,115.08
18,1,22,468,1997,114.24
18,1,22,468,1998,115.83
18,1,22,468,1999,118.86
18,1,22,468,2000,121.27
18,1,22,468,2001,124.16
18,1,22,468,2002,128.82
18,1,22,468,2003,129.87
18,1,22,468,2004,136.53
18,1,22,468,2005,143.3
18,1,22,468,2006,142.44
18,1,22,468,2007,143.97
18,1,22,468,2008,146.14
18,1,22,468,2009,146.81
18,1,22,468,2010,147.29
18,1,22,468,2011,149.71
18,1,22,468,2012,163.37
18,1,22,468,2013,175.45
18,1,22,468,2014,181.48
18,1,22,468,2015,187.17
18,1,22,468,2016,193.01
18,3,22,468,1990,73.37
18,3,22,468,1991,78.6
18,3,22,468,1992,84.89
18,3,22,468,1993,94.15
18,3,22,468,1994,102.94
18,3,22,468,1995,110.01
18,3,22,468,1996,115.08
18,3,22,468,1997,114.24
18,3,22,468,1998,115.83
18,3,22,468,1999,118.86
18,3,22,468,2000,121.27
18,3,22,468,2001,124.16
18,3,22,468,2002,128.82
18,3,22,468,2003,129.87
18,3,22,468,2004,136.53
18,3,22,468,2005,143.3
18,3,22,468,2006,142.44
18,3,22,468,2007,143.97
18,3,22,468,2008,146.14
18,3,22,468,2009,146.81
18,3,22,468,2010,147.29
18,3,22,468,2011,149.71
18,3,22,468,2012,163.37
18,3,22,468,2013,175.45
18,3,22,468,2014,181.48
18,3,22,468,2015,187.17
18,3,22,468,2016,193.01
19,1,22,468,1990,1.06
19,1,22,468,1991,1.08
19,1,22,468,1992,1.1
19,1,22,468,1993,1.1
19,1,22,468,1994,1.09
19,1,22,468,1995,1.08
19,1,22,468,1996,1
19,1,22,468,1997,0.92
19,1,22,468,1998,0.87
19,1,22,468,1999,0.83
19,1,22,468,2000,0.8
19,1,22,468,2001,0.8
19,1,22,468,2002,0.82
19,1,22,468,2003,0.85
19,1,22,468,2004,0.86
19,1,22,468,2005,0.85
19,1,22,468,2006,0.84
19,1,22,468,2007,0.84
19,1,22,468,2008,0.84
19,1,22,468,2009,0.85
19,1,22,468,2010,0.88
19,1,22,468,2011,0.9
19,1,22,468,2012,0.92
19,1,22,468,2013,0.95
19,1,22,468,2014,1.01
19,1,22,468,2015,1.07
19,1,22,468,2016,1.12
19,3,22,468,1990,1.06
19,3,22,468,1991,1.08
19,3,22,468,1992,1.1
19,3,22,468,1993,1.1
19,3,22,468,1994,1.09
19,3,22,468,1995,1.08
19,3,22,468,1996,1
19,3,22,468,1997,0.92
19,3,22,468,1998,0.87
19,3,22,468,1999,0.83
19,3,22,468,2000,0.8
19,3,22,468,2001,0.8
19,3,22,468,2002,0.82
19,3,22,468,2003,0.85
19,3,22,468,2004,0.86
19,3,22,468,2005,0.85
19,3,22,468,2006,0.84
19,3,22,468,2007,0.84
19,3,22,468,2008,0.84
19,3,22,468,2009,0.85
19,3,22,468,2010,0.88
19,3,22,468,2011,0.9
19,3,22,468,2012,0.92
19,3,22,468,2013,0.95
19,3,22,468,2014,1.01
19,3,22,468,2015,1.07
19,3,22,468,2016,1.12
20,1,22,468,1990,151.39
20,1,22,468,1991,157.18
20,1,22,468,1992,163.63
20,1,22,468,1993,168.89
20,1,22,468,1994,174.84
20,1,22,468,1995,182.24
20,1,22,468,1996,176.4
20,1,22,468,1997,184.51
20,1,22,468,1998,191.64
20,1,22,468,1999,198.97
20,1,22,468,2000,205.2
20,1,22,468,2001,211.77
20,1,22,468,2002,218.17
20,1,22,468,2003,223.94
20,1,22,468,2004,229.89
20,1,22,468,2005,237.11
20,1,22,468,2006,244.36
20,1,22,468,2007,252.29
20,1,22,468,2008,261.49
20,1,22,468,2009,270.77
20,1,22,468,2010,281.06
20,1,22,468,2011,291.75
20,1,22,468,2012,303.41
20,1,22,468,2013,315.06
20,1,22,468,2014,327.56
20,1,22,468,2015,341.02
20,1,22,468,2016,354.44
20,3,22,468,1990,151.39
20,3,22,468,1991,157.18
20,3,22,468,1992,163.63
20,3,22,468,1993,168.89
20,3,22,468,1994,174.84
20,3,22,468,1995,182.24
20,3,22,468,1996,176.4
20,3,22,468,1997,184.51
20,3,22,468,1998,191.64
20,3,22,468,1999,198.97
20,3,22,468,2000,205.2
20,3,22,468,2001,211.77
20,3,22,468,2002,218.17
20,3,22,468,2003,223.94
20,3,22,468,2004,229.89
20,3,22,468,2005,237.11
20,3,22,468,2006,244.36
20,3,22,468,2007,252.29
20,3,22,468,2008,261.49
20,3,22,468,2009,270.77
20,3,22,468,2010,281.06
20,3,22,468,2011,291.75
20,3,22,468,2012,303.41
20,3,22,468,2013,315.06
20,3,22,468,2014,327.56
20,3,22,468,2015,341.02
20,3,22,468,2016,354.44
22,1,22,468,1990,6.76
22,1,22,468,1991,6.94
22,1,22,468,1992,7.15
22,1,22,468,1993,7.41
22,1,22,468,1994,7.69
22,1,22,468,1995,7.98
22,1,22,468,1996,8.15
22,1,22,468,1997,8.31
22,1,22,468,1998,8.43
22,1,22,468,1999,8.52
22,1,22,468,2000,8.57
22,1,22,468,2001,8.72
22,1,22,468,2002,9.07
22,1,22,468,2003,8.24
22,1,22,468,2004,8.09
22,1,22,468,2005,7.6
22,1,22,468,2006,8.71
22,1,22,468,2007,9.1
22,1,22,468,2008,9.65
22,1,22,468,2009,10.33
22,1,22,468,2010,11.61
22,1,22,468,2011,13.02
22,1,22,468,2012,15.01
22,1,22,468,2013,15.75
22,1,22,468,2014,16.86
22,1,22,468,2015,17.86
22,1,22,468,2016,18.85
22,3,22,468,1990,6.76
22,3,22,468,1991,6.94
22,3,22,468,1992,7.15
22,3,22,468,1993,7.41
22,3,22,468,1994,7.69
22,3,22,468,1995,7.98
22,3,22,468,1996,8.15
22,3,22,468,1997,8.31
22,3,22,468,1998,8.43
22,3,22,468,1999,8.52
22,3,22,468,2000,8.57
22,3,22,468,2001,8.72
22,3,22,468,2002,9.07
22,3,22,468,2003,8.24
22,3,22,468,2004,8.09
22,3,22,468,2005,7.6
22,3,22,468,2006,8.71
22,3,22,468,2007,9.1
22,3,22,468,2008,9.65
22,3,22,468,2009,10.33
22,3,22,468,2010,11.61
22,3,22,468,2011,13.02
22,3,22,468,2012,15.01
22,3,22,468,2013,15.75
22,3,22,468,2014,16.86
22,3,22,468,2015,17.86
22,3,22,468,2016,18.85
23,1,22,468,1990,0.47
23,1,22,468,1991,0.47
23,1,22,468,1992,0.48
23,1,22,468,1993,0.49
23,1,22,468,1994,0.49
23,1,22,468,1995,0.49
23,1,22,468,1996,0.5
23,1,22,468,1997,0.5
23,1,22,468,1998,0.51
23,1,22,468,1999,0.52
23,1,22,468,2000,0.53
23,1,22,468,2001,0.53
23,1,22,468,2002,0.56
23,1,22,468,2003,0.58
23,1,22,468,2004,0.6
23,1,22,468,2005,0.63
23,1,22,468,2006,0.67
23,1,22,468,2007,0.7
23,1,22,468,2008,0.73
23,1,22,468,2009,0.76
23,1,22,468,2010,0.8
23,1,22,468,2011,0.83
23,1,22,468,2012,0.86
23,1,22,468,2013,0.89
23,1,22,468,2014,0.92
23,1,22,468,2015,0.94
23,1,22,468,2016,0.97
23,3,22,468,1990,0.47
23,3,22,468,1991,0.47
23,3,22,468,1992,0.48
23,3,22,468,1993,0.49
23,3,22,468,1994,0.49
23,3,22,468,1995,0.49
23,3,22,468,1996,0.5
23,3,22,468,1997,0.5
23,3,22,468,1998,0.51
23,3,22,468,1999,0.52
23,3,22,468,2000,0.53
23,3,22,468,2001,0.53
23,3,22,468,2002,0.56
23,3,22,468,2003,0.58
23,3,22,468,2004,0.6
23,3,22,468,2005,0.63
23,3,22,468,2006,0.67
23,3,22,468,2007,0.7
23,3,22,468,2008,0.73
23,3,22,468,2009,0.76
23,3,22,468,2010,0.8
23,3,22,468,2011,0.83
23,3,22,468,2012,0.86
23,3,22,468,2013,0.89
23,3,22,468,2014,0.92
23,3,22,468,2015,0.94
23,3,22,468,2016,0.97
24,1,22,468,1990,0.08
24,1,22,468,1991,0.09
24,1,22,468,1992,0.09
24,1,22,468,1993,0.09
24,1,22,468,1994,0.09
24,1,22,468,1995,0.09
24,1,22,468,1996,0.09
24,1,22,468,1997,0.1
24,1,22,468,1998,0.1
24,1,22,468,1999,0.1
24,1,22,468,2000,0.11
24,1,22,468,2001,0.11
24,1,22,468,2002,0.12
24,1,22,468,2003,0.13
24,1,22,468,2004,0.13
24,1,22,468,2005,0.14
24,1,22,468,2006,0.15
24,1,22,468,2007,0.15
24,1,22,468,2008,0.16
24,1,22,468,2009,0.16
24,1,22,468,2010,0.17
24,1,22,468,2011,0.17
24,1,22,468,2012,0.18
24,1,22,468,2013,0.18
24,1,22,468,2014,0.19
24,1,22,468,2015,0.2
24,1,22,468,2016,0.21
24,3,22,468,1990,0.08
24,3,22,468,1991,0.09
24,3,22,468,1992,0.09
24,3,22,468,1993,0.09
24,3,22,468,1994,0.09
24,3,22,468,1995,0.09
24,3,22,468,1996,0.09
24,3,22,468,1997,0.1
24,3,22,468,1998,0.1
24,3,22,468,1999,0.1
24,3,22,468,2000,0.11
24,3,22,468,2001,0.11
24,3,22,468,2002,0.12
24,3,22,468,2003,0.13
24,3,22,468,2004,0.13
24,3,22,468,2005,0.14
24,3,22,468,2006,0.15
24,3,22,468,2007,0.15
24,3,22,468,2008,0.16
24,3,22,468,2009,0.16
24,3,22,468,2010,0.17
24,3,22,468,2011,0.17
24,3,22,468,2012,0.18
24,3,22,468,2013,0.18
24,3,22,468,2014,0.19
24,3,22,468,2015,0.2
24,3,22,468,2016,0.21
25,1,22,468,1990,0.16
25,1,22,468,1991,0.17
25,1,22,468,1992,0.18
25,1,22,468,1993,0.18
25,1,22,468,1994,0.19
25,1,22,468,1995,0.19
25,1,22,468,1996,0.2
25,1,22,468,1997,0.2
25,1,22,468,1998,0.2
25,1,22,468,1999,0.21
25,1,22,468,2000,0.22
25,1,22,468,2001,0.22
25,1,22,468,2002,0.23
25,1,22,468,2003,0.24
25,1,22,468,2004,0.24
25,1,22,468,2005,0.25
25,1,22,468,2006,0.26
25,1,22,468,2007,0.27
25,1,22,468,2008,0.28
25,1,22,468,2009,0.29
25,1,22,468,2010,0.3
25,1,22,468,2011,0.31
25,1,22,468,2012,0.32
25,1,22,468,2013,0.33
25,1,22,468,2014,0.34
25,1,22,468,2015,0.36
25,1,22,468,2016,0.37
25,3,22,468,1990,0.16
25,3,22,468,1991,0.17
25,3,22,468,1992,0.18
25,3,22,468,1993,0.18
25,3,22,468,1994,0.19
25,3,22,468,1995,0.19
25,3,22,468,1996,0.2
25,3,22,468,1997,0.2
25,3,22,468,1998,0.2
25,3,22,468,1999,0.21
25,3,22,468,2000,0.22
25,3,22,468,2001,0.22
25,3,22,468,2002,0.23
25,3,22,468,2003,0.24
25,3,22,468,2004,0.24
25,3,22,468,2005,0.25
25,3,22,468,2006,0.26
25,3,22,468,2007,0.27
25,3,22,468,2008,0.28
25,3,22,468,2009,0.29
25,3,22,468,2010,0.3
25,3,22,468,2011,0.31
25,3,22,468,2012,0.32
25,3,22,468,2013,0.33
25,3,22,468,2014,0.34
25,3,22,468,2015,0.36
25,3,22,468,2016,0.37
26,1,22,468,1990,9.22
26,1,22,468,1991,9.49
26,1,22,468,1992,9.76
26,1,22,468,1993,9.97
26,1,22,468,1994,10.17
26,1,22,468,1995,10.42
26,1,22,468,1996,10.62
26,1,22,468,1997,10.89
26,1,22,468,1998,11.16
26,1,22,468,1999,11.53
26,1,22,468,2000,11.94
26,1,22,468,2001,12.35
26,1,22,468,2002,12.8
26,1,22,468,2003,13.27
26,1,22,468,2004,13.73
26,1,22,468,2005,14.18
26,1,22,468,2006,14.57
26,1,22,468,2007,14.88
26,1,22,468,2008,15.14
26,1,22,468,2009,15.42
26,1,22,468,2010,15.73
26,1,22,468,2011,15.97
26,1,22,468,2012,16.2
26,1,22,468,2013,16.45
26,1,22,468,2014,16.73
26,1,22,468,2015,17.02
26,1,22,468,2016,17.35
26,3,22,468,1990,9.22
26,3,22,468,1991,9.49
26,3,22,468,1992,9.76
26,3,22,468,1993,9.97
26,3,22,468,1994,10.17
26,3,22,468,1995,10.42
26,3,22,468,1996,10.62
26,3,22,468,1997,10.89
26,3,22,468,1998,11.16
26,3,22,468,1999,11.53
26,3,22,468,2000,11.94
26,3,22,468,2001,12.35
26,3,22,468,2002,12.8
26,3,22,468,2003,13.27
26,3,22,468,2004,13.73
26,3,22,468,2005,14.18
26,3,22,468,2006,14.57
26,3,22,468,2007,14.88
26,3,22,468,2008,15.14
26,3,22,468,2009,15.42
26,3,22,468,2010,15.73
26,3,22,468,2011,15.97
26,3,22,468,2012,16.2
26,3,22,468,2013,16.45
26,3,22,468,2014,16.73
26,3,22,468,2015,17.02
26,3,22,468,2016,17.35
27,1,22,468,1990,0.79
27,1,22,468,1991,0.82
27,1,22,468,1992,0.85
27,1,22,468,1993,0.87
27,1,22,468,1994,0.88
27,1,22,468,1995,0.88
27,1,22,468,1996,0.89
27,1,22,468,1997,0.89
27,1,22,468,1998,0.89
27,1,22,468,1999,0.89
27,1,22,468,2000,0.88
27,1,22,468,2001,0.88
27,1,22,468,2002,0.89
27,1,22,468,2003,0.89
27,1,22,468,2004,0.89
27,1,22,468,2005,0.89
27,1,22,468,2006,0.89
27,1,22,468,2007,0.9
27,1,22,468,2008,0.91
27,1,22,468,2009,0.92
27,1,22,468,2010,0.93
27,1,22,468,2011,0.95
27,1,22,468,2012,0.97
27,1,22,468,2013,0.98
27,1,22,468,2014,1.01
27,1,22,468,2015,1.04
27,1,22,468,2016,1.06
27,3,22,468,1990,0.79
27,3,22,468,1991,0.82
27,3,22,468,1992,0.85
27,3,22,468,1993,0.87
27,3,22,468,1994,0.88
27,3,22,468,1995,0.88
27,3,22,468,1996,0.89
27,3,22,468,1997,0.89
27,3,22,468,1998,0.89
27,3,22,468,1999,0.89
27,3,22,468,2000,0.88
27,3,22,468,2001,0.88
27,3,22,468,2002,0.89
27,3,22,468,2003,0.89
27,3,22,468,2004,0.89
27,3,22,468,2005,0.89
27,3,22,468,2006,0.89
27,3,22,468,2007,0.9
27,3,22,468,2008,0.91
27,3,22,468,2009,0.92
27,3,22,468,2010,0.93
27,3,22,468,2011,0.95
27,3,22,468,2012,0.97
27,3,22,468,2013,0.98
27,3,22,468,2014,1.01
27,3,22,468,2015,1.04
27,3,22,468,2016,1.06
28,1,22,468,1990,0.62
28,1,22,468,1991,0.64
28,1,22,468,1992,0.66
28,1,22,468,1993,0.68
28,1,22,468,1994,0.7
28,1,22,468,1995,0.72
28,1,22,468,1996,0.73
28,1,22,468,1997,0.75
28,1,22,468,1998,0.77
28,1,22,468,1999,0.8
28,1,22,468,2000,0.84
28,1,22,468,2001,0.87
28,1,22,468,2002,0.91
28,1,22,468,2003,0.95
28,1,22,468,2004,0.98
28,1,22,468,2005,1.01
28,1,22,468,2006,1.03
28,1,22,468,2007,1.06
28,1,22,468,2008,1.08
28,1,22,468,2009,1.11
28,1,22,468,2010,1.13
28,1,22,468,2011,1.15
28,1,22,468,2012,1.17
28,1,22,468,2013,1.19
28,1,22,468,2014,1.22
28,1,22,468,2015,1.24
28,1,22,468,2016,1.27
28,3,22,468,1990,0.62
28,3,22,468,1991,0.64
28,3,22,468,1992,0.66
28,3,22,468,1993,0.68
28,3,22,468,1994,0.7
28,3,22,468,1995,0.72
28,3,22,468,1996,0.73
28,3,22,468,1997,0.75
28,3,22,468,1998,0.77
28,3,22,468,1999,0.8
28,3,22,468,2000,0.84
28,3,22,468,2001,0.87
28,3,22,468,2002,0.91
28,3,22,468,2003,0.95
28,3,22,468,2004,0.98
28,3,22,468,2005,1.01
28,3,22,468,2006,1.03
28,3,22,468,2007,1.06
28,3,22,468,2008,1.08
28,3,22,468,2009,1.11
28,3,22,468,2010,1.13
28,3,22,468,2011,1.15
28,3,22,468,2012,1.17
28,3,22,468,2013,1.19
28,3,22,468,2014,1.22
28,3,22,468,2015,1.24
28,3,22,468,2016,1.27
29,1,22,468,1990,0.14
29,1,22,468,1991,0.14
29,1,22,468,1992,0.14
29,1,22,468,1993,0.14
29,1,22,468,1994,0.14
29,1,22,468,1995,0.14
29,1,22,468,1996,0.14
29,1,22,468,1997,0.14
29,1,22,468,1998,0.14
29,1,22,468,1999,0.14
29,1,22,468,2000,0.15
29,1,22,468,2001,0.15
29,1,22,468,2002,0.15
29,1,22,468,2003,0.16
29,1,22,468,2004,0.16
29,1,22,468,2005,0.16
29,1,22,468,2006,0.17
29,1,22,468,2007,0.17
29,1,22,468,2008,0.17
29,1,22,468,2009,0.17
29,1,22,468,2010,0.18
29,1,22,468,2011,0.18
29,1,22,468,2012,0.19
29,1,22,468,2013,0.19
29,1,22,468,2014,0.19
29,1,22,468,2015,0.2
29,1,22,468,2016,0.21
29,3,22,468,1990,0.14
29,3,22,468,1991,0.14
29,3,22,468,1992,0.14
29,3,22,468,1993,0.14
29,3,22,468,1994,0.14
29,3,22,468,1995,0.14
29,3,22,468,1996,0.14
29,3,22,468,1997,0.14
29,3,22,468,1998,0.14
29,3,22,468,1999,0.14
29,3,22,468,2000,0.15
29,3,22,468,2001,0.15
29,3,22,468,2002,0.15
29,3,22,468,2003,0.16
29,3,22,468,2004,0.16
29,3,22,468,2005,0.16
29,3,22,468,2006,0.17
29,3,22,468,2007,0.17
29,3,22,468,2008,0.17
29,3,22,468,2009,0.17
29,3,22,468,2010,0.18
29,3,22,468,2011,0.18
29,3,22,468,2012,0.19
29,3,22,468,2013,0.19
29,3,22,468,2014,0.19
29,3,22,468,2015,0.2
29,3,22,468,2016,0.21
30,1,22,468,1990,0.24
30,1,22,468,1991,0.25
30,1,22,468,1992,0.25
30,1,22,468,1993,0.26
30,1,22,468,1994,0.27
30,1,22,468,1995,0.27
30,1,22,468,1996,0.28
30,1,22,468,1997,0.28
30,1,22,468,1998,0.29
30,1,22,468,1999,0.29
30,1,22,468,2000,0.3
30,1,22,468,2001,0.32
30,1,22,468,2002,0.33
30,1,22,468,2003,0.35
30,1,22,468,2004,0.36
30,1,22,468,2005,0.38
30,1,22,468,2006,0.39
30,1,22,468,2007,0.41
30,1,22,468,2008,0.42
30,1,22,468,2009,0.43
30,1,22,468,2010,0.45
30,1,22,468,2011,0.46
30,1,22,468,2012,0.48
30,1,22,468,2013,0.49
30,1,22,468,2014,0.51
30,1,22,468,2015,0.52
30,1,22,468,2016,0.54
30,3,22,468,1990,0.24
30,3,22,468,1991,0.25
30,3,22,468,1992,0.25
30,3,22,468,1993,0.26
30,3,22,468,1994,0.27
30,3,22,468,1995,0.27
30,3,22,468,1996,0.28
30,3,22,468,1997,0.28
30,3,22,468,1998,0.29
30,3,22,468,1999,0.29
30,3,22,468,2000,0.3
30,3,22,468,2001,0.32
30,3,22,468,2002,0.33
30,3,22,468,2003,0.35
30,3,22,468,2004,0.36
30,3,22,468,2005,0.38
30,3,22,468,2006,0.39
30,3,22,468,2007,0.41
30,3,22,468,2008,0.42
30,3,22,468,2009,0.43
30,3,22,468,2010,0.45
30,3,22,468,2011,0.46
30,3,22,468,2012,0.48
30,3,22,468,2013,0.49
30,3,22,468,2014,0.51
30,3,22,468,2015,0.52
30,3,22,468,2016,0.54
33,1,22,468,1990,7.51
33,1,22,468,1991,8.07
33,1,22,468,1992,8.55
33,1,22,468,1993,8.8
33,1,22,468,1994,8.6
33,1,22,468,1995,7.81
33,1,22,468,1996,7.32
33,1,22,468,1997,6.69
33,1,22,468,1998,6.27
33,1,22,468,1999,6.4
33,1,22,468,2000,6.33
33,1,22,468,2001,6.51
33,1,22,468,2002,6.69
33,1,22,468,2003,6.92
33,1,22,468,2004,7.22
33,1,22,468,2005,7.65
33,1,22,468,2006,7.76
33,1,22,468,2007,8.73
33,1,22,468,2008,9.31
33,1,22,468,2009,9.94
33,1,22,468,2010,10.67
33,1,22,468,2011,11.88
33,1,22,468,2012,14.76
33,1,22,468,2013,15.69
33,1,22,468,2014,15.83
33,1,22,468,2015,16.06
33,1,22,468,2016,15.95
33,3,22,468,1990,7.51
33,3,22,468,1991,8.07
33,3,22,468,1992,8.55
33,3,22,468,1993,8.8
33,3,22,468,1994,8.6
33,3,22,468,1995,7.81
33,3,22,468,1996,7.32
33,3,22,468,1997,6.69
33,3,22,468,1998,6.27
33,3,22,468,1999,6.4
33,3,22,468,2000,6.33
33,3,22,468,2001,6.51
33,3,22,468,2002,6.69
33,3,22,468,2003,6.92
33,3,22,468,2004,7.22
33,3,22,468,2005,7.65
33,3,22,468,2006,7.76
33,3,22,468,2007,8.73
33,3,22,468,2008,9.31
33,3,22,468,2009,9.94
33,3,22,468,2010,10.67
33,3,22,468,2011,11.88
33,3,22,468,2012,14.76
33,3,22,468,2013,15.69
33,3,22,468,2014,15.83
33,3,22,468,2015,16.06
33,3,22,468,2016,15.95
34,1,22,468,1990,73.31
34,1,22,468,1991,85.63
34,1,22,468,1992,104.81
34,1,22,468,1993,110.64
34,1,22,468,1994,117.65
34,1,22,468,1995,108.14
34,1,22,468,1996,102.06
34,1,22,468,1997,94.09
34,1,22,468,1998,85.83
34,1,22,468,1999,77.53
34,1,22,468,2000,72.57
34,1,22,468,2001,69.09
34,1,22,468,2002,66.84
34,1,22,468,2003,67.07
34,1,22,468,2004,68.95
34,1,22,468,2005,69.97
34,1,22,468,2006,67.15
34,1,22,468,2007,61.16
34,1,22,468,2008,70.41
34,1,22,468,2009,75.38
34,1,22,468,2010,84.54
34,1,22,468,2011,94.33
34,1,22,468,2012,106.67
34,1,22,468,2013,117.2
34,1,22,468,2014,126.51
34,1,22,468,2015,135.33
34,1,22,468,2016,140.98
34,3,22,468,1990,73.31
34,3,22,468,1991,85.63
34,3,22,468,1992,104.81
34,3,22,468,1993,110.64
34,3,22,468,1994,117.65
34,3,22,468,1995,108.14
34,3,22,468,1996,102.06
34,3,22,468,1997,94.09
34,3,22,468,1998,85.83
34,3,22,468,1999,77.53
34,3,22,468,2000,72.57
34,3,22,468,2001,69.09
34,3,22,468,2002,66.84
34,3,22,468,2003,67.07
34,3,22,468,2004,68.95
34,3,22,468,2005,69.97
34,3,22,468,2006,67.15
34,3,22,468,2007,61.16
34,3,22,468,2008,70.41
34,3,22,468,2009,75.38
34,3,22,468,2010,84.54
34,3,22,468,2011,94.33
34,3,22,468,2012,106.67
34,3,22,468,2013,117.2
34,3,22,468,2014,126.51
34,3,22,468,2015,135.33
34,3,22,468,2016,140.98
35,1,22,468,1990,58.01
35,1,22,468,1991,62.47
35,1,22,468,1992,65.68
35,1,22,468,1993,62.27
35,1,22,468,1994,57.66
35,1,22,468,1995,51.03
35,1,22,468,1996,44.87
35,1,22,468,1997,41.78
35,1,22,468,1998,40.5
35,1,22,468,1999,39.56
35,1,22,468,2000,38.05
35,1,22,468,2001,37.87
35,1,22,468,2002,37.36
35,1,22,468,2003,37.36
35,1,22,468,2004,39.42
35,1,22,468,2005,41.74
35,1,22,468,2006,43.24
35,1,22,468,2007,46.43
35,1,22,468,2008,49.85
35,1,22,468,2009,50.83
35,1,22,468,2010,53.45
35,1,22,468,2011,55.4
35,1,22,468,2012,58.93
35,1,22,468,2013,62.71
35,1,22,468,2014,67.18
35,1,22,468,2015,69.39
35,1,22,468,2016,70.58
35,3,22,468,1990,58.01
35,3,22,468,1991,62.47
35,3,22,468,1992,65.68
35,3,22,468,1993,62.27
35,3,22,468,1994,57.66
35,3,22,468,1995,51.03
35,3,22,468,1996,44.87
35,3,22,468,1997,41.78
35,3,22,468,1998,40.5
35,3,22,468,1999,39.56
35,3,22,468,2000,38.05
35,3,22,468,2001,37.87
35,3,22,468,2002,37.36
35,3,22,468,2003,37.36
35,3,22,468,2004,39.42
35,3,22,468,2005,41.74
35,3,22,468,2006,43.24
35,3,22,468,2007,46.43
35,3,22,468,2008,49.85
35,3,22,468,2009,50.83
35,3,22,468,2010,53.45
35,3,22,468,2011,55.4
35,3,22,468,2012,58.93
35,3,22,468,2013,62.71
35,3,22,468,2014,67.18
35,3,22,468,2015,69.39
35,3,22,468,2016,70.58
36,1,22,468,1990,124.04
36,1,22,468,1991,134.89
36,1,22,468,1992,148.46
36,1,22,468,1993,164.62
36,1,22,468,1994,181.19
36,1,22,468,1995,195.85
36,1,22,468,1996,204.22
36,1,22,468,1997,205.49
36,1,22,468,1998,201.48
36,1,22,468,1999,199.8
36,1,22,468,2000,197.24
36,1,22,468,2001,194.4
36,1,22,468,2002,191.8
36,1,22,468,2003,189.61
36,1,22,468,2004,182.32
36,1,22,468,2005,182.02
36,1,22,468,2006,187.01
36,1,22,468,2007,188.46
36,1,22,468,2008,175.11
36,1,22,468,2009,168.76
36,1,22,468,2010,163.27
36,1,22,468,2011,156.67
36,1,22,468,2012,152.07
36,1,22,468,2013,146.29
36,1,22,468,2014,136.62
36,1,22,468,2015,130.66
36,1,22,468,2016,132.29
36,3,22,468,1990,124.04
36,3,22,468,1991,134.89
36,3,22,468,1992,148.46
36,3,22,468,1993,164.62
36,3,22,468,1994,181.19
36,3,22,468,1995,195.85
36,3,22,468,1996,204.22
36,3,22,468,1997,205.49
36,3,22,468,1998,201.48
36,3,22,468,1999,199.8
36,3,22,468,2000,197.24
36,3,22,468,2001,194.4
36,3,22,468,2002,191.8
36,3,22,468,2003,189.61
36,3,22,468,2004,182.32
36,3,22,468,2005,182.02
36,3,22,468,2006,187.01
36,3,22,468,2007,188.46
36,3,22,468,2008,175.11
36,3,22,468,2009,168.76
36,3,22,468,2010,163.27
36,3,22,468,2011,156.67
36,3,22,468,2012,152.07
36,3,22,468,2013,146.29
36,3,22,468,2014,136.62
36,3,22,468,2015,130.66
36,3,22,468,2016,132.29
37,1,22,468,1990,16.87
37,1,22,468,1991,17.33
37,1,22,468,1992,17.9
37,1,22,468,1993,19
37,1,22,468,1994,20.01
37,1,22,468,1995,20.12
37,1,22,468,1996,19.1
37,1,22,468,1997,17.75
37,1,22,468,1998,16.26
37,1,22,468,1999,15.13
37,1,22,468,2000,14.58
37,1,22,468,2001,12.01
37,1,22,468,2002,12.39
37,1,22,468,2003,12.98
37,1,22,468,2004,14.36
37,1,22,468,2005,14.53
37,1,22,468,2006,14.07
37,1,22,468,2007,14.17
37,1,22,468,2008,15.91
37,1,22,468,2009,15.68
37,1,22,468,2010,15.81
37,1,22,468,2011,15.29
37,1,22,468,2012,15.77
37,1,22,468,2013,15.95
37,1,22,468,2014,17.22
37,1,22,468,2015,18.64
37,1,22,468,2016,18.95
37,3,22,468,1990,16.87
37,3,22,468,1991,17.33
37,3,22,468,1992,17.9
37,3,22,468,1993,19
37,3,22,468,1994,20.01
37,3,22,468,1995,20.12
37,3,22,468,1996,19.1
37,3,22,468,1997,17.75
37,3,22,468,1998,16.26
37,3,22,468,1999,15.13
37,3,22,468,2000,14.58
37,3,22,468,2001,12.01
37,3,22,468,2002,12.39
37,3,22,468,2003,12.98
37,3,22,468,2004,14.36
37,3,22,468,2005,14.53
37,3,22,468,2006,14.07
37,3,22,468,2007,14.17
37,3,22,468,2008,15.91
37,3,22,468,2009,15.68
37,3,22,468,2010,15.81
37,3,22,468,2011,15.29
37,3,22,468,2012,15.77
37,3,22,468,2013,15.95
37,3,22,468,2014,17.22
37,3,22,468,2015,18.64
37,3,22,468,2016,18.95
38,1,22,468,1990,1.17
38,1,22,468,1991,1.37
38,1,22,468,1992,1.57
38,1,22,468,1993,1.75
38,1,22,468,1994,1.89
38,1,22,468,1995,2.04
38,1,22,468,1996,2.18
38,1,22,468,1997,2.25
38,1,22,468,1998,2.26
38,1,22,468,1999,2.24
38,1,22,468,2000,2.28
38,1,22,468,2001,2.27
38,1,22,468,2002,2.23
38,1,22,468,2003,2.22
38,1,22,468,2004,2.24
38,1,22,468,2005,2.23
38,1,22,468,2006,2.18
38,1,22,468,2007,2.12
38,1,22,468,2008,2.08
38,1,22,468,2009,2.05
38,1,22,468,2010,2.02
38,1,22,468,2011,2.11
38,1,22,468,2012,2.15
38,1,22,468,2013,2.14
38,1,22,468,2014,2.21
38,1,22,468,2015,2.34
38,1,22,468,2016,2.47
38,3,22,468,1990,1.17
38,3,22,468,1991,1.37
38,3,22,468,1992,1.57
38,3,22,468,1993,1.75
38,3,22,468,1994,1.89
38,3,22,468,1995,2.04
38,3,22,468,1996,2.18
38,3,22,468,1997,2.25
38,3,22,468,1998,2.26
38,3,22,468,1999,2.24
38,3,22,468,2000,2.28
38,3,22,468,2001,2.27
38,3,22,468,2002,2.23
38,3,22,468,2003,2.22
38,3,22,468,2004,2.24
38,3,22,468,2005,2.23
38,3,22,468,2006,2.18
38,3,22,468,2007,2.12
38,3,22,468,2008,2.08
38,3,22,468,2009,2.05
38,3,22,468,2010,2.02
38,3,22,468,2011,2.11
38,3,22,468,2012,2.15
38,3,22,468,2013,2.14
38,3,22,468,2014,2.21
38,3,22,468,2015,2.34
38,3,22,468,2016,2.47
39,1,22,468,1990,12.41
39,1,22,468,1991,13.87
39,1,22,468,1992,16.47
39,1,22,468,1993,18.45
39,1,22,468,1994,18.35
39,1,22,468,1995,18
39,1,22,468,1996,17.98
39,1,22,468,1997,17.35
39,1,22,468,1998,16.59
39,1,22,468,1999,15.77
39,1,22,468,2000,15.26
39,1,22,468,2001,14.81
39,1,22,468,2002,14.46
39,1,22,468,2003,14.25
39,1,22,468,2004,14.29
39,1,22,468,2005,14.45
39,1,22,468,2006,15.28
39,1,22,468,2007,15.97
39,1,22,468,2008,16.28
39,1,22,468,2009,16.26
39,1,22,468,2010,15.79
39,1,22,468,2011,15.03
39,1,22,468,2012,15.47
39,1,22,468,2013,15.87
39,1,22,468,2014,16.24
39,1,22,468,2015,16.44
39,1,22,468,2016,16.93
39,3,22,468,1990,12.41
39,3,22,468,1991,13.87
39,3,22,468,1992,16.47
39,3,22,468,1993,18.45
39,3,22,468,1994,18.35
39,3,22,468,1995,18
39,3,22,468,1996,17.98
39,3,22,468,1997,17.35
39,3,22,468,1998,16.59
39,3,22,468,1999,15.77
39,3,22,468,2000,15.26
39,3,22,468,2001,14.81
39,3,22,468,2002,14.46
39,3,22,468,2003,14.25
39,3,22,468,2004,14.29
39,3,22,468,2005,14.45
39,3,22,468,2006,15.28
39,3,22,468,2007,15.97
39,3,22,468,2008,16.28
39,3,22,468,2009,16.26
39,3,22,468,2010,15.79
39,3,22,468,2011,15.03
39,3,22,468,2012,15.47
39,3,22,468,2013,15.87
39,3,22,468,2014,16.24
39,3,22,468,2015,16.44
39,3,22,468,2016,16.93
40,1,22,468,1990,19.78
40,1,22,468,1991,22.03
40,1,22,468,1992,22.61
40,1,22,468,1993,22.61
40,1,22,468,1994,25.84
40,1,22,468,1995,28.17
40,1,22,468,1996,30.21
40,1,22,468,1997,31.51
40,1,22,468,1998,32.38
40,1,22,468,1999,33.24
40,1,22,468,2000,33.57
40,1,22,468,2001,33.15
40,1,22,468,2002,33.41
40,1,22,468,2003,36.3
40,1,22,468,2004,39.88
40,1,22,468,2005,40.61
40,1,22,468,2006,44.95
40,1,22,468,2007,50.42
40,1,22,468,2008,55.61
40,1,22,468,2009,64.48
40,1,22,468,2010,71.91
40,1,22,468,2011,79.79
40,1,22,468,2012,88.27
40,1,22,468,2013,93.17
40,1,22,468,2014,102.41
40,1,22,468,2015,112.41
40,1,22,468,2016,119.81
40,3,22,468,1990,19.78
40,3,22,468,1991,22.03
40,3,22,468,1992,22.61
40,3,22,468,1993,22.61
40,3,22,468,1994,25.84
40,3,22,468,1995,28.17
40,3,22,468,1996,30.21
40,3,22,468,1997,31.51
40,3,22,468,1998,32.38
40,3,22,468,1999,33.24
40,3,22,468,2000,33.57
40,3,22,468,2001,33.15
40,3,22,468,2002,33.41
40,3,22,468,2003,36.3
40,3,22,468,2004,39.88
40,3,22,468,2005,40.61
40,3,22,468,2006,44.95
40,3,22,468,2007,50.42
40,3,22,468,2008,55.61
40,3,22,468,2009,64.48
40,3,22,468,2010,71.91
40,3,22,468,2011,79.79
40,3,22,468,2012,88.27
40,3,22,468,2013,93.17
40,3,22,468,2014,102.41
40,3,22,468,2015,112.41
40,3,22,468,2016,119.81
41,1,22,468,1990,51.72
41,1,22,468,1991,56.24
41,1,22,468,1992,61.17
41,1,22,468,1993,67.1
41,1,22,468,1994,73.96
41,1,22,468,1995,81.11
41,1,22,468,1996,88.77
41,1,22,468,1997,95.54
41,1,22,468,1998,101.31
41,1,22,468,1999,105.13
41,1,22,468,2000,108.21
41,1,22,468,2001,109.72
41,1,22,468,2002,110.85
41,1,22,468,2003,111.94
41,1,22,468,2004,113.43
41,1,22,468,2005,115.08
41,1,22,468,2006,116.58
41,1,22,468,2007,117.62
41,1,22,468,2008,117.95
41,1,22,468,2009,118.31
41,1,22,468,2010,118.35
41,1,22,468,2011,121.42
41,1,22,468,2012,115.49
41,1,22,468,2013,129.76
41,1,22,468,2014,141.62
41,1,22,468,2015,133.04
41,1,22,468,2016,137.69
41,3,22,468,1990,51.72
41,3,22,468,1991,56.24
41,3,22,468,1992,61.17
41,3,22,468,1993,67.1
41,3,22,468,1994,73.96
41,3,22,468,1995,81.11
41,3,22,468,1996,88.77
41,3,22,468,1997,95.54
41,3,22,468,1998,101.31
41,3,22,468,1999,105.13
41,3,22,468,2000,108.21
41,3,22,468,2001,109.72
41,3,22,468,2002,110.85
41,3,22,468,2003,111.94
41,3,22,468,2004,113.43
41,3,22,468,2005,115.08
41,3,22,468,2006,116.58
41,3,22,468,2007,117.62
41,3,22,468,2008,117.95
41,3,22,468,2009,118.31
41,3,22,468,2010,118.35
41,3,22,468,2011,121.42
41,3,22,468,2012,115.49
41,3,22,468,2013,129.76
41,3,22,468,2014,141.62
41,3,22,468,2015,133.04
41,3,22,468,2016,137.69
43,1,22,468,1990,16.3
43,1,22,468,1991,15.31
43,1,22,468,1992,14.14
43,1,22,468,1993,13.07
43,1,22,468,1994,13.01
43,1,22,468,1995,12.87
43,1,22,468,1996,12.88
43,1,22,468,1997,13.02
43,1,22,468,1998,13.12
43,1,22,468,1999,14.09
43,1,22,468,2000,14.34
43,1,22,468,2001,15.97
43,1,22,468,2002,17.42
43,1,22,468,2003,18.25
43,1,22,468,2004,18.85
43,1,22,468,2005,20.37
43,1,22,468,2006,21.6
43,1,22,468,2007,21.75
43,1,22,468,2008,23.33
43,1,22,468,2009,25.18
43,1,22,468,2010,24.35
43,1,22,468,2011,23.99
43,1,22,468,2012,23.86
43,1,22,468,2013,23.83
43,1,22,468,2014,23.89
43,1,22,468,2015,23.99
43,1,22,468,2016,24.52
43,3,22,468,1990,16.3
43,3,22,468,1991,15.31
43,3,22,468,1992,14.14
43,3,22,468,1993,13.07
43,3,22,468,1994,13.01
43,3,22,468,1995,12.87
43,3,22,468,1996,12.88
43,3,22,468,1997,13.02
43,3,22,468,1998,13.12
43,3,22,468,1999,14.09
43,3,22,468,2000,14.34
43,3,22,468,2001,15.97
43,3,22,468,2002,17.42
43,3,22,468,2003,18.25
43,3,22,468,2004,18.85
43,3,22,468,2005,20.37
43,3,22,468,2006,21.6
43,3,22,468,2007,21.75
43,3,22,468,2008,23.33
43,3,22,468,2009,25.18
43,3,22,468,2010,24.35
43,3,22,468,2011,23.99
43,3,22,468,2012,23.86
43,3,22,468,2013,23.83
43,3,22,468,2014,23.89
43,3,22,468,2015,23.99
43,3,22,468,2016,24.52
44,1,22,468,1990,11.05
44,1,22,468,1991,10.81
44,1,22,468,1992,10.6
44,1,22,468,1993,10.31
44,1,22,468,1994,9.98
44,1,22,468,1995,9.75
44,1,22,468,1996,9.63
44,1,22,468,1997,9.77
44,1,22,468,1998,10.16
44,1,22,468,1999,11.08
44,1,22,468,2000,12.55
44,1,22,468,2001,14.6
44,1,22,468,2002,17.13
44,1,22,468,2003,19.85
44,1,22,468,2004,22.59
44,1,22,468,2005,25.23
44,1,22,468,2006,27.68
44,1,22,468,2007,29.79
44,1,22,468,2008,31.47
44,1,22,468,2009,33.18
44,1,22,468,2010,34.44
44,1,22,468,2011,35.03
44,1,22,468,2012,36.16
44,1,22,468,2013,37.01
44,1,22,468,2014,37.63
44,1,22,468,2015,37.85
44,1,22,468,2016,38.51
44,3,22,468,1990,11.05
44,3,22,468,1991,10.81
44,3,22,468,1992,10.6
44,3,22,468,1993,10.31
44,3,22,468,1994,9.98
44,3,22,468,1995,9.75
44,3,22,468,1996,9.63
44,3,22,468,1997,9.77
44,3,22,468,1998,10.16
44,3,22,468,1999,11.08
44,3,22,468,2000,12.55
44,3,22,468,2001,14.6
44,3,22,468,2002,17.13
44,3,22,468,2003,19.85
44,3,22,468,2004,22.59
44,3,22,468,2005,25.23
44,3,22,468,2006,27.68
44,3,22,468,2007,29.79
44,3,22,468,2008,31.47
44,3,22,468,2009,33.18
44,3,22,468,2010,34.44
44,3,22,468,2011,35.03
44,3,22,468,2012,36.16
44,3,22,468,2013,37.01
44,3,22,468,2014,37.63
44,3,22,468,2015,37.85
44,3,22,468,2016,38.51
45,1,22,468,1990,200.02
45,1,22,468,1991,196.45
45,1,22,468,1992,201.68
45,1,22,468,1993,213.27
45,1,22,468,1994,220.4
45,1,22,468,1995,217.34
45,1,22,468,1996,205
45,1,22,468,1997,205.51
45,1,22,468,1998,189
45,1,22,468,1999,183.73
45,1,22,468,2000,167.98
45,1,22,468,2001,168.63
45,1,22,468,2002,167.71
45,1,22,468,2003,190.77
45,1,22,468,2004,211.69
45,1,22,468,2005,223.32
45,1,22,468,2006,238.79
45,1,22,468,2007,244.09
45,1,22,468,2008,247.36
45,1,22,468,2009,242.86
45,1,22,468,2010,235.07
45,1,22,468,2011,240.4
45,1,22,468,2012,244.04
45,1,22,468,2013,241.72
45,1,22,468,2014,245.7
45,1,22,468,2015,249.83
45,1,22,468,2016,254
45,3,22,468,1990,200.02
45,3,22,468,1991,196.45
45,3,22,468,1992,201.68
45,3,22,468,1993,213.27
45,3,22,468,1994,220.4
45,3,22,468,1995,217.34
45,3,22,468,1996,205
45,3,22,468,1997,205.51
45,3,22,468,1998,189
45,3,22,468,1999,183.73
45,3,22,468,2000,167.98
45,3,22,468,2001,168.63
45,3,22,468,2002,167.71
45,3,22,468,2003,190.77
45,3,22,468,2004,211.69
45,3,22,468,2005,223.32
45,3,22,468,2006,238.79
45,3,22,468,2007,244.09
45,3,22,468,2008,247.36
45,3,22,468,2009,242.86
45,3,22,468,2010,235.07
45,3,22,468,2011,240.4
45,3,22,468,2012,244.04
45,3,22,468,2013,241.72
45,3,22,468,2014,245.7
45,3,22,468,2015,249.83
45,3,22,468,2016,254
46,1,22,468,1990,114.63
46,1,22,468,1991,120.34
46,1,22,468,1992,113.21
46,1,22,468,1993,110.29
46,1,22,468,1994,97.34
46,1,22,468,1995,97.55
46,1,22,468,1996,99.9
46,1,22,468,1997,111.85
46,1,22,468,1998,122.78
46,1,22,468,1999,127.11
46,1,22,468,2000,129.77
46,1,22,468,2001,129.64
46,1,22,468,2002,131.68
46,1,22,468,2003,134.4
46,1,22,468,2004,145.36
46,1,22,468,2005,152.55
46,1,22,468,2006,160.39
46,1,22,468,2007,160.8
46,1,22,468,2008,164.82
46,1,22,468,2009,173.88
46,1,22,468,2010,173.39
46,1,22,468,2011,169.22
46,1,22,468,2012,165.88
46,1,22,468,2013,162.08
46,1,22,468,2014,156.82
46,1,22,468,2015,149.63
46,1,22,468,2016,148.79
46,3,22,468,1990,114.63
46,3,22,468,1991,120.34
46,3,22,468,1992,113.21
46,3,22,468,1993,110.29
46,3,22,468,1994,97.34
46,3,22,468,1995,97.55
46,3,22,468,1996,99.9
46,3,22,468,1997,111.85
46,3,22,468,1998,122.78
46,3,22,468,1999,127.11
46,3,22,468,2000,129.77
46,3,22,468,2001,129.64
46,3,22,468,2002,131.68
46,3,22,468,2003,134.4
46,3,22,468,2004,145.36
46,3,22,468,2005,152.55
46,3,22,468,2006,160.39
46,3,22,468,2007,160.8
46,3,22,468,2008,164.82
46,3,22,468,2009,173.88
46,3,22,468,2010,173.39
46,3,22,468,2011,169.22
46,3,22,468,2012,165.88
46,3,22,468,2013,162.08
46,3,22,468,2014,156.82
46,3,22,468,2015,149.63
46,3,22,468,2016,148.79
47,1,22,468,1990,425.6
47,1,22,468,1991,455.46
47,1,22,468,1992,471.81
47,1,22,468,1993,486.5
47,1,22,468,1994,492.64
47,1,22,468,1995,477.52
47,1,22,468,1996,485.45
47,1,22,468,1997,481.68
47,1,22,468,1998,471.46
47,1,22,468,1999,458.76
47,1,22,468,2000,452.79
47,1,22,468,2001,460.13
47,1,22,468,2002,482.09
47,1,22,468,2003,490.73
47,1,22,468,2004,482.28
47,1,22,468,2005,489.98
47,1,22,468,2006,486.87
47,1,22,468,2007,509.82
47,1,22,468,2008,516.17
47,1,22,468,2009,526.5
47,1,22,468,2010,537.52
47,1,22,468,2011,547.28
47,1,22,468,2012,542.46
47,1,22,468,2013,514.61
47,1,22,468,2014,504.15
47,1,22,468,2015,477.11
47,1,22,468,2016,485.95
47,3,22,468,1990,425.6
47,3,22,468,1991,455.46
47,3,22,468,1992,471.81
47,3,22,468,1993,486.5
47,3,22,468,1994,492.64
47,3,22,468,1995,477.52
47,3,22,468,1996,485.45
47,3,22,468,1997,481.68
47,3,22,468,1998,471.46
47,3,22,468,1999,458.76
47,3,22,468,2000,452.79
47,3,22,468,2001,460.13
47,3,22,468,2002,482.09
47,3,22,468,2003,490.73
47,3,22,468,2004,482.28
47,3,22,468,2005,489.98
47,3,22,468,2006,486.87
47,3,22,468,2007,509.82
47,3,22,468,2008,516.17
47,3,22,468,2009,526.5
47,3,22,468,2010,537.52
47,3,22,468,2011,547.28
47,3,22,468,2012,542.46
47,3,22,468,2013,514.61
47,3,22,468,2014,504.15
47,3,22,468,2015,477.11
47,3,22,468,2016,485.95
48,1,22,468,1990,316.21
48,1,22,468,1991,327.13
48,1,22,468,1992,330.1
48,1,22,468,1993,320.82
48,1,22,468,1994,318.21
48,1,22,468,1995,339.71
48,1,22,468,1996,345.07
48,1,22,468,1997,325.75
48,1,22,468,1998,327.03
48,1,22,468,1999,342.84
48,1,22,468,2000,359.95
48,1,22,468,2001,379.44
48,1,22,468,2002,400.8
48,1,22,468,2003,427.7
48,1,22,468,2004,445.68
48,1,22,468,2005,439.17
48,1,22,468,2006,469.18
48,1,22,468,2007,477.69
48,1,22,468,2008,468.46
48,1,22,468,2009,471.42
48,1,22,468,2010,454.14
48,1,22,468,2011,445.42
48,1,22,468,2012,423.53
48,1,22,468,2013,412.16
48,1,22,468,2014,425.76
48,1,22,468,2015,420.37
48,1,22,468,2016,433.05
48,3,22,468,1990,316.21
48,3,22,468,1991,327.13
48,3,22,468,1992,330.1
48,3,22,468,1993,320.82
48,3,22,468,1994,318.21
48,3,22,468,1995,339.71
48,3,22,468,1996,345.07
48,3,22,468,1997,325.75
48,3,22,468,1998,327.03
48,3,22,468,1999,342.84
48,3,22,468,2000,359.95
48,3,22,468,2001,379.44
48,3,22,468,2002,400.8
48,3,22,468,2003,427.7
48,3,22,468,2004,445.68
48,3,22,468,2005,439.17
48,3,22,468,2006,469.18
48,3,22,468,2007,477.69
48,3,22,468,2008,468.46
48,3,22,468,2009,471.42
48,3,22,468,2010,454.14
48,3,22,468,2011,445.42
48,3,22,468,2012,423.53
48,3,22,468,2013,412.16
48,3,22,468,2014,425.76
48,3,22,468,2015,420.37
48,3,22,468,2016,433.05
49,1,22,468,1990,34.42
49,1,22,468,1991,33.89
49,1,22,468,1992,34.4
49,1,22,468,1993,33.67
49,1,22,468,1994,33.11
49,1,22,468,1995,32.83
49,1,22,468,1996,34.22
49,1,22,468,1997,34.7
49,1,22,468,1998,35.36
49,1,22,468,1999,35.48
49,1,22,468,2000,35.61
49,1,22,468,2001,37.14
49,1,22,468,2002,37.61
49,1,22,468,2003,38.89
49,1,22,468,2004,38.84
49,1,22,468,2005,39.07
49,1,22,468,2006,39.75
49,1,22,468,2007,41.38
49,1,22,468,2008,43.7
49,1,22,468,2009,45.23
49,1,22,468,2010,46.64
49,1,22,468,2011,47.77
49,1,22,468,2012,48.16
49,1,22,468,2013,49.11
49,1,22,468,2014,50.41
49,1,22,468,2015,52.01
49,1,22,468,2016,53.77
49,3,22,468,1990,34.42
49,3,22,468,1991,33.89
49,3,22,468,1992,34.4
49,3,22,468,1993,33.67
49,3,22,468,1994,33.11
49,3,22,468,1995,32.83
49,3,22,468,1996,34.22
49,3,22,468,1997,34.7
49,3,22,468,1998,35.36
49,3,22,468,1999,35.48
49,3,22,468,2000,35.61
49,3,22,468,2001,37.14
49,3,22,468,2002,37.61
49,3,22,468,2003,38.89
49,3,22,468,2004,38.84
49,3,22,468,2005,39.07
49,3,22,468,2006,39.75
49,3,22,468,2007,41.38
49,3,22,468,2008,43.7
49,3,22,468,2009,45.23
49,3,22,468,2010,46.64
49,3,22,468,2011,47.77
49,3,22,468,2012,48.16
49,3,22,468,2013,49.11
49,3,22,468,2014,50.41
49,3,22,468,2015,52.01
49,3,22,468,2016,53.77
50,1,22,468,1990,9.22
50,1,22,468,1991,9.49
50,1,22,468,1992,9.78
50,1,22,468,1993,9.83
50,1,22,468,1994,9.78
50,1,22,468,1995,9.77
50,1,22,468,1996,9.73
50,1,22,468,1997,9.67
50,1,22,468,1998,9.52
50,1,22,468,1999,9.27
50,1,22,468,2000,9.07
50,1,22,468,2001,9.36
50,1,22,468,2002,9.63
50,1,22,468,2003,10.02
50,1,22,468,2004,10.28
50,1,22,468,2005,10.5
50,1,22,468,2006,10.89
50,1,22,468,2007,11.13
50,1,22,468,2008,11.62
50,1,22,468,2009,12.25
50,1,22,468,2010,12.44
50,1,22,468,2011,12.53
50,1,22,468,2012,12.51
50,1,22,468,2013,12.54
50,1,22,468,2014,12.62
50,1,22,468,2015,12.73
50,1,22,468,2016,12.97
50,3,22,468,1990,9.22
50,3,22,468,1991,9.49
50,3,22,468,1992,9.78
50,3,22,468,1993,9.83
50,3,22,468,1994,9.78
50,3,22,468,1995,9.77
50,3,22,468,1996,9.73
50,3,22,468,1997,9.67
50,3,22,468,1998,9.52
50,3,22,468,1999,9.27
50,3,22,468,2000,9.07
50,3,22,468,2001,9.36
50,3,22,468,2002,9.63
50,3,22,468,2003,10.02
50,3,22,468,2004,10.28
50,3,22,468,2005,10.5
50,3,22,468,2006,10.89
50,3,22,468,2007,11.13
50,3,22,468,2008,11.62
50,3,22,468,2009,12.25
50,3,22,468,2010,12.44
50,3,22,468,2011,12.53
50,3,22,468,2012,12.51
50,3,22,468,2013,12.54
50,3,22,468,2014,12.62
50,3,22,468,2015,12.73
50,3,22,468,2016,12.97
51,1,22,468,1990,655.59
51,1,22,468,1991,683.41
51,1,22,468,1992,672.21
51,1,22,468,1993,657.7
51,1,22,468,1994,683.64
51,1,22,468,1995,720.25
51,1,22,468,1996,729.19
51,1,22,468,1997,755.95
51,1,22,468,1998,746.25
51,1,22,468,1999,772.46
51,1,22,468,2000,767.56
51,1,22,468,2001,789.23
51,1,22,468,2002,816.66
51,1,22,468,2003,862.02
51,1,22,468,2004,916.34
51,1,22,468,2005,970.63
51,1,22,468,2006,1026.64
51,1,22,468,2007,1085.15
51,1,22,468,2008,1144.44
51,1,22,468,2009,1197.02
51,1,22,468,2010,1232.63
51,1,22,468,2011,1288.79
51,1,22,468,2012,1371.69
51,1,22,468,2013,1399.38
51,1,22,468,2014,1412.4
51,1,22,468,2015,1412.12
51,1,22,468,2016,1425.63
51,3,22,468,1990,655.59
51,3,22,468,1991,683.41
51,3,22,468,1992,672.21
51,3,22,468,1993,657.7
51,3,22,468,1994,683.64
51,3,22,468,1995,720.25
51,3,22,468,1996,729.19
51,3,22,468,1997,755.95
51,3,22,468,1998,746.25
51,3,22,468,1999,772.46
51,3,22,468,2000,767.56
51,3,22,468,2001,789.23
51,3,22,468,2002,816.66
51,3,22,468,2003,862.02
51,3,22,468,2004,916.34
51,3,22,468,2005,970.63
51,3,22,468,2006,1026.64
51,3,22,468,2007,1085.15
51,3,22,468,2008,1144.44
51,3,22,468,2009,1197.02
51,3,22,468,2010,1232.63
51,3,22,468,2011,1288.79
51,3,22,468,2012,1371.69
51,3,22,468,2013,1399.38
51,3,22,468,2014,1412.4
51,3,22,468,2015,1412.12
51,3,22,468,2016,1425.63
52,1,22,468,1990,306.24
52,1,22,468,1991,319.1
52,1,22,468,1992,336.33
52,1,22,468,1993,342.16
52,1,22,468,1994,339.09
52,1,22,468,1995,357.3
52,1,22,468,1996,366.58
52,1,22,468,1997,365.75
52,1,22,468,1998,359.02
52,1,22,468,1999,351.93
52,1,22,468,2000,355.06
52,1,22,468,2001,386.36
52,1,22,468,2002,391.24
52,1,22,468,2003,410.01
52,1,22,468,2004,419.92
52,1,22,468,2005,428.37
52,1,22,468,2006,435.96
52,1,22,468,2007,463.17
52,1,22,468,2008,493.04
52,1,22,468,2009,527.93
52,1,22,468,2010,530.42
52,1,22,468,2011,521.04
52,1,22,468,2012,527.18
52,1,22,468,2013,528.79
52,1,22,468,2014,539
52,1,22,468,2015,516.67
52,1,22,468,2016,519.86
52,3,22,468,1990,306.24
52,3,22,468,1991,319.1
52,3,22,468,1992,336.33
52,3,22,468,1993,342.16
52,3,22,468,1994,339.09
52,3,22,468,1995,357.3
52,3,22,468,1996,366.58
52,3,22,468,1997,365.75
52,3,22,468,1998,359.02
52,3,22,468,1999,351.93
52,3,22,468,2000,355.06
52,3,22,468,2001,386.36
52,3,22,468,2002,391.24
52,3,22,468,2003,410.01
52,3,22,468,2004,419.92
52,3,22,468,2005,428.37
52,3,22,468,2006,435.96
52,3,22,468,2007,463.17
52,3,22,468,2008,493.04
52,3,22,468,2009,527.93
52,3,22,468,2010,530.42
52,3,22,468,2011,521.04
52,3,22,468,2012,527.18
52,3,22,468,2013,528.79
52,3,22,468,2014,539
52,3,22,468,2015,516.67
52,3,22,468,2016,519.86
53,1,22,468,1990,227.4
53,1,22,468,1991,232.36
53,1,22,468,1992,235.49
53,1,22,468,1993,231.94
53,1,22,468,1994,222.08
53,1,22,468,1995,212.08
53,1,22,468,1996,214.42
53,1,22,468,1997,220.69
53,1,22,468,1998,221.4
53,1,22,468,1999,215.96
53,1,22,468,2000,227.72
53,1,22,468,2001,229.37
53,1,22,468,2002,237.74
53,1,22,468,2003,245.48
53,1,22,468,2004,266.25
53,1,22,468,2005,276.88
53,1,22,468,2006,282.3
53,1,22,468,2007,297
53,1,22,468,2008,304.4
53,1,22,468,2009,318.04
53,1,22,468,2010,319.4
53,1,22,468,2011,323.13
53,1,22,468,2012,328.59
53,1,22,468,2013,345.03
53,1,22,468,2014,344.62
53,1,22,468,2015,385.91
53,1,22,468,2016,406.61
53,3,22,468,1990,227.4
53,3,22,468,1991,232.36
53,3,22,468,1992,235.49
53,3,22,468,1993,231.94
53,3,22,468,1994,222.08
53,3,22,468,1995,212.08
53,3,22,468,1996,214.42
53,3,22,468,1997,220.69
53,3,22,468,1998,221.4
53,3,22,468,1999,215.96
53,3,22,468,2000,227.72
53,3,22,468,2001,229.37
53,3,22,468,2002,237.74
53,3,22,468,2003,245.48
53,3,22,468,2004,266.25
53,3,22,468,2005,276.88
53,3,22,468,2006,282.3
53,3,22,468,2007,297
53,3,22,468,2008,304.4
53,3,22,468,2009,318.04
53,3,22,468,2010,319.4
53,3,22,468,2011,323.13
53,3,22,468,2012,328.59
53,3,22,468,2013,345.03
53,3,22,468,2014,344.62
53,3,22,468,2015,385.91
53,3,22,468,2016,406.61
54,1,22,468,1990,154.4
54,1,22,468,1991,160.58
54,1,22,468,1992,165.99
54,1,22,468,1993,167.85
54,1,22,468,1994,177.78
54,1,22,468,1995,189.78
54,1,22,468,1996,190.55
54,1,22,468,1997,196.59
54,1,22,468,1998,204.69
54,1,22,468,1999,206.68
54,1,22,468,2000,213.5
54,1,22,468,2001,219.36
54,1,22,468,2002,228.45
54,1,22,468,2003,235.29
54,1,22,468,2004,239.17
54,1,22,468,2005,251.47
54,1,22,468,2006,267.29
54,1,22,468,2007,276.54
54,1,22,468,2008,297.55
54,1,22,468,2009,297.64
54,1,22,468,2010,303.7
54,1,22,468,2011,313.36
54,1,22,468,2012,321.09
54,1,22,468,2013,316.03
54,1,22,468,2014,314.08
54,1,22,468,2015,313.47
54,1,22,468,2016,315.84
54,3,22,468,1990,154.4
54,3,22,468,1991,160.58
54,3,22,468,1992,165.99
54,3,22,468,1993,167.85
54,3,22,468,1994,177.78
54,3,22,468,1995,189.78
54,3,22,468,1996,190.55
54,3,22,468,1997,196.59
54,3,22,468,1998,204.69
54,3,22,468,1999,206.68
54,3,22,468,2000,213.5
54,3,22,468,2001,219.36
54,3,22,468,2002,228.45
54,3,22,468,2003,235.29
54,3,22,468,2004,239.17
54,3,22,468,2005,251.47
54,3,22,468,2006,267.29
54,3,22,468,2007,276.54
54,3,22,468,2008,297.55
54,3,22,468,2009,297.64
54,3,22,468,2010,303.7
54,3,22,468,2011,313.36
54,3,22,468,2012,321.09
54,3,22,468,2013,316.03
54,3,22,468,2014,314.08
54,3,22,468,2015,313.47
54,3,22,468,2016,315.84
55,1,22,468,1990,52.5
55,1,22,468,1991,52.96
55,1,22,468,1992,56.73
55,1,22,468,1993,57.75
55,1,22,468,1994,55.8
55,1,22,468,1995,52.32
55,1,22,468,1996,54.86
55,1,22,468,1997,58.16
55,1,22,468,1998,60.48
55,1,22,468,1999,62.07
55,1,22,468,2000,62.78
55,1,22,468,2001,72.51
55,1,22,468,2002,71.55
55,1,22,468,2003,82.72
55,1,22,468,2004,86.55
55,1,22,468,2005,88.9
55,1,22,468,2006,94.84
55,1,22,468,2007,97.3
55,1,22,468,2008,94.01
55,1,22,468,2009,92.75
55,1,22,468,2010,90.37
55,1,22,468,2011,89.29
55,1,22,468,2012,90.46
55,1,22,468,2013,94.48
55,1,22,468,2014,92.63
55,1,22,468,2015,96.97
55,1,22,468,2016,97.66
55,3,22,468,1990,52.5
55,3,22,468,1991,52.96
55,3,22,468,1992,56.73
55,3,22,468,1993,57.75
55,3,22,468,1994,55.8
55,3,22,468,1995,52.32
55,3,22,468,1996,54.86
55,3,22,468,1997,58.16
55,3,22,468,1998,60.48
55,3,22,468,1999,62.07
55,3,22,468,2000,62.78
55,3,22,468,2001,72.51
55,3,22,468,2002,71.55
55,3,22,468,2003,82.72
55,3,22,468,2004,86.55
55,3,22,468,2005,88.9
55,3,22,468,2006,94.84
55,3,22,468,2007,97.3
55,3,22,468,2008,94.01
55,3,22,468,2009,92.75
55,3,22,468,2010,90.37
55,3,22,468,2011,89.29
55,3,22,468,2012,90.46
55,3,22,468,2013,94.48
55,3,22,468,2014,92.63
55,3,22,468,2015,96.97
55,3,22,468,2016,97.66
57,1,22,468,1990,91.98
57,1,22,468,1991,101.34
57,1,22,468,1992,112.61
57,1,22,468,1993,124.2
57,1,22,468,1994,130.89
57,1,22,468,1995,131.91
57,1,22,468,1996,130
57,1,22,468,1997,129.62
57,1,22,468,1998,130.91
57,1,22,468,1999,132.38
57,1,22,468,2000,127.28
57,1,22,468,2001,126.4
57,1,22,468,2002,123.68
57,1,22,468,2003,123.83
57,1,22,468,2004,128.57
57,1,22,468,2005,134.65
57,1,22,468,2006,136.77
57,1,22,468,2007,136.25
57,1,22,468,2008,137.43
57,1,22,468,2009,144.48
57,1,22,468,2010,150.9
57,1,22,468,2011,154.08
57,1,22,468,2012,142.61
57,1,22,468,2013,140.2
57,1,22,468,2014,134.55
57,1,22,468,2015,130.96
57,1,22,468,2016,134.52
57,3,22,468,1990,91.98
57,3,22,468,1991,101.34
57,3,22,468,1992,112.61
57,3,22,468,1993,124.2
57,3,22,468,1994,130.89
57,3,22,468,1995,131.91
57,3,22,468,1996,130
57,3,22,468,1997,129.62
57,3,22,468,1998,130.91
57,3,22,468,1999,132.38
57,3,22,468,2000,127.28
57,3,22,468,2001,126.4
57,3,22,468,2002,123.68
57,3,22,468,2003,123.83
57,3,22,468,2004,128.57
57,3,22,468,2005,134.65
57,3,22,468,2006,136.77
57,3,22,468,2007,136.25
57,3,22,468,2008,137.43
57,3,22,468,2009,144.48
57,3,22,468,2010,150.9
57,3,22,468,2011,154.08
57,3,22,468,2012,142.61
57,3,22,468,2013,140.2
57,3,22,468,2014,134.55
57,3,22,468,2015,130.96
57,3,22,468,2016,134.52
58,1,22,468,1990,14.72
58,1,22,468,1991,15.65
58,1,22,468,1992,17.87
58,1,22,468,1993,20.29
58,1,22,468,1994,24.16
58,1,22,468,1995,25.18
58,1,22,468,1996,21.67
58,1,22,468,1997,21.16
58,1,22,468,1998,21.28
58,1,22,468,1999,19.69
58,1,22,468,2000,18.54
58,1,22,468,2001,20.57
58,1,22,468,2002,20.91
58,1,22,468,2003,23.39
58,1,22,468,2004,26.08
58,1,22,468,2005,26.85
58,1,22,468,2006,25.59
58,1,22,468,2007,24.24
58,1,22,468,2008,24.65
58,1,22,468,2009,23.46
58,1,22,468,2010,22.38
58,1,22,468,2011,20.74
58,1,22,468,2012,22.95
58,1,22,468,2013,19.25
58,1,22,468,2014,20.77
58,1,22,468,2015,21.06
58,1,22,468,2016,21.23
58,3,22,468,1990,14.72
58,3,22,468,1991,15.65
58,3,22,468,1992,17.87
58,3,22,468,1993,20.29
58,3,22,468,1994,24.16
58,3,22,468,1995,25.18
58,3,22,468,1996,21.67
58,3,22,468,1997,21.16
58,3,22,468,1998,21.28
58,3,22,468,1999,19.69
58,3,22,468,2000,18.54
58,3,22,468,2001,20.57
58,3,22,468,2002,20.91
58,3,22,468,2003,23.39
58,3,22,468,2004,26.08
58,3,22,468,2005,26.85
58,3,22,468,2006,25.59
58,3,22,468,2007,24.24
58,3,22,468,2008,24.65
58,3,22,468,2009,23.46
58,3,22,468,2010,22.38
58,3,22,468,2011,20.74
58,3,22,468,2012,22.95
58,3,22,468,2013,19.25
58,3,22,468,2014,20.77
58,3,22,468,2015,21.06
58,3,22,468,2016,21.23
59,1,22,468,1990,22.23
59,1,22,468,1991,25
59,1,22,468,1992,27.99
59,1,22,468,1993,32.07
59,1,22,468,1994,34.99
59,1,22,468,1995,33.88
59,1,22,468,1996,32.28
59,1,22,468,1997,31.21
59,1,22,468,1998,31.02
59,1,22,468,1999,30.02
59,1,22,468,2000,31.95
59,1,22,468,2001,34.44
59,1,22,468,2002,35.72
59,1,22,468,2003,38.41
59,1,22,468,2004,44.2
59,1,22,468,2005,48.86
59,1,22,468,2006,51.14
59,1,22,468,2007,52.6
59,1,22,468,2008,52.83
59,1,22,468,2009,50.11
59,1,22,468,2010,48.06
59,1,22,468,2011,47.46
59,1,22,468,2012,44.07
59,1,22,468,2013,44.2
59,1,22,468,2014,38.25
59,1,22,468,2015,41.67
59,1,22,468,2016,42.29
59,3,22,468,1990,22.23
59,3,22,468,1991,25
59,3,22,468,1992,27.99
59,3,22,468,1993,32.07
59,3,22,468,1994,34.99
59,3,22,468,1995,33.88
59,3,22,468,1996,32.28
59,3,22,468,1997,31.21
59,3,22,468,1998,31.02
59,3,22,468,1999,30.02
59,3,22,468,2000,31.95
59,3,22,468,2001,34.44
59,3,22,468,2002,35.72
59,3,22,468,2003,38.41
59,3,22,468,2004,44.2
59,3,22,468,2005,48.86
59,3,22,468,2006,51.14
59,3,22,468,2007,52.6
59,3,22,468,2008,52.83
59,3,22,468,2009,50.11
59,3,22,468,2010,48.06
59,3,22,468,2011,47.46
59,3,22,468,2012,44.07
59,3,22,468,2013,44.2
59,3,22,468,2014,38.25
59,3,22,468,2015,41.67
59,3,22,468,2016,42.29
60,1,22,468,1990,30.4
60,1,22,468,1991,34.91
60,1,22,468,1992,39.39
60,1,22,468,1993,48.6
60,1,22,468,1994,54.51
60,1,22,468,1995,55.25
60,1,22,468,1996,51.04
60,1,22,468,1997,50
60,1,22,468,1998,48.43
60,1,22,468,1999,46.05
60,1,22,468,2000,46.13
60,1,22,468,2001,45.69
60,1,22,468,2002,44.68
60,1,22,468,2003,44.66
60,1,22,468,2004,45.84
60,1,22,468,2005,50.91
60,1,22,468,2006,50.71
60,1,22,468,2007,54.73
60,1,22,468,2008,53.61
60,1,22,468,2009,47.89
60,1,22,468,2010,48.88
60,1,22,468,2011,48.03
60,1,22,468,2012,49.54
60,1,22,468,2013,53.13
60,1,22,468,2014,50.39
60,1,22,468,2015,56.83
60,1,22,468,2016,58.35
60,3,22,468,1990,30.4
60,3,22,468,1991,34.91
60,3,22,468,1992,39.39
60,3,22,468,1993,48.6
60,3,22,468,1994,54.51
60,3,22,468,1995,55.25
60,3,22,468,1996,51.04
60,3,22,468,1997,50
60,3,22,468,1998,48.43
60,3,22,468,1999,46.05
60,3,22,468,2000,46.13
60,3,22,468,2001,45.69
60,3,22,468,2002,44.68
60,3,22,468,2003,44.66
60,3,22,468,2004,45.84
60,3,22,468,2005,50.91
60,3,22,468,2006,50.71
60,3,22,468,2007,54.73
60,3,22,468,2008,53.61
60,3,22,468,2009,47.89
60,3,22,468,2010,48.88
60,3,22,468,2011,48.03
60,3,22,468,2012,49.54
60,3,22,468,2013,53.13
60,3,22,468,2014,50.39
60,3,22,468,2015,56.83
60,3,22,468,2016,58.35
61,1,22,468,1990,16.6
61,1,22,468,1991,16.61
61,1,22,468,1992,16.81
61,1,22,468,1993,17.91
61,1,22,468,1994,22.26
61,1,22,468,1995,22.43
61,1,22,468,1996,23.93
61,1,22,468,1997,22.72
61,1,22,468,1998,22.98
61,1,22,468,1999,21.74
61,1,22,468,2000,20.22
61,1,22,468,2001,18.44
61,1,22,468,2002,18.64
61,1,22,468,2003,18.89
61,1,22,468,2004,19.84
61,1,22,468,2005,21.54
61,1,22,468,2006,21.73
61,1,22,468,2007,21.53
61,1,22,468,2008,20.37
61,1,22,468,2009,20.35
61,1,22,468,2010,20.5
61,1,22,468,2011,15.95
61,1,22,468,2012,17.12
61,1,22,468,2013,17.12
61,1,22,468,2014,19.52
61,1,22,468,2015,21.98
61,1,22,468,2016,22.08
61,3,22,468,1990,16.6
61,3,22,468,1991,16.61
61,3,22,468,1992,16.81
61,3,22,468,1993,17.91
61,3,22,468,1994,22.26
61,3,22,468,1995,22.43
61,3,22,468,1996,23.93
61,3,22,468,1997,22.72
61,3,22,468,1998,22.98
61,3,22,468,1999,21.74
61,3,22,468,2000,20.22
61,3,22,468,2001,18.44
61,3,22,468,2002,18.64
61,3,22,468,2003,18.89
61,3,22,468,2004,19.84
61,3,22,468,2005,21.54
61,3,22,468,2006,21.73
61,3,22,468,2007,21.53
61,3,22,468,2008,20.37
61,3,22,468,2009,20.35
61,3,22,468,2010,20.5
61,3,22,468,2011,15.95
61,3,22,468,2012,17.12
61,3,22,468,2013,17.12
61,3,22,468,2014,19.52
61,3,22,468,2015,21.98
61,3,22,468,2016,22.08
62,1,22,468,1990,1994.61
62,1,22,468,1991,2199.92
62,1,22,468,1992,2453.12
62,1,22,468,1993,2817.4
62,1,22,468,1994,2969
62,1,22,468,1995,2871.66
62,1,22,468,1996,2585.31
62,1,22,468,1997,2325.48
62,1,22,468,1998,2224.2
62,1,22,468,1999,2312.66
62,1,22,468,2000,2351.44
62,1,22,468,2001,2277.91
62,1,22,468,2002,2259
62,1,22,468,2003,2295.23
62,1,22,468,2004,2368.48
62,1,22,468,2005,2436.75
62,1,22,468,2006,2398.75
62,1,22,468,2007,2473.62
62,1,22,468,2008,2579.46
62,1,22,468,2009,2530.81
62,1,22,468,2010,2621.15
62,1,22,468,2011,2580.32
62,1,22,468,2012,2474.63
62,1,22,468,2013,2442.92
62,1,22,468,2014,2439.04
62,1,22,468,2015,2469.27
62,1,22,468,2016,2522.05
62,3,22,468,1990,1994.61
62,3,22,468,1991,2199.92
62,3,22,468,1992,2453.12
62,3,22,468,1993,2817.4
62,3,22,468,1994,2969
62,3,22,468,1995,2871.66
62,3,22,468,1996,2585.31
62,3,22,468,1997,2325.48
62,3,22,468,1998,2224.2
62,3,22,468,1999,2312.66
62,3,22,468,2000,2351.44
62,3,22,468,2001,2277.91
62,3,22,468,2002,2259
62,3,22,468,2003,2295.23
62,3,22,468,2004,2368.48
62,3,22,468,2005,2436.75
62,3,22,468,2006,2398.75
62,3,22,468,2007,2473.62
62,3,22,468,2008,2579.46
62,3,22,468,2009,2530.81
62,3,22,468,2010,2621.15
62,3,22,468,2011,2580.32
62,3,22,468,2012,2474.63
62,3,22,468,2013,2442.92
62,3,22,468,2014,2439.04
62,3,22,468,2015,2469.27
62,3,22,468,2016,2522.05
63,1,22,468,1990,562.37
63,1,22,468,1991,624.02
63,1,22,468,1992,695.67
63,1,22,468,1993,740.56
63,1,22,468,1994,782.35
63,1,22,468,1995,815.97
63,1,22,468,1996,765.7
63,1,22,468,1997,693.26
63,1,22,468,1998,630.56
63,1,22,468,1999,625.96
63,1,22,468,2000,623.07
63,1,22,468,2001,604
63,1,22,468,2002,589.63
63,1,22,468,2003,587.04
63,1,22,468,2004,607.66
63,1,22,468,2005,615.81
63,1,22,468,2006,612.97
63,1,22,468,2007,665.39
63,1,22,468,2008,681.73
63,1,22,468,2009,610.96
63,1,22,468,2010,585.15
63,1,22,468,2011,569.44
63,1,22,468,2012,577.12
63,1,22,468,2013,566.59
63,1,22,468,2014,554.64
63,1,22,468,2015,542.71
63,1,22,468,2016,552.81
63,3,22,468,1990,562.37
63,3,22,468,1991,624.02
63,3,22,468,1992,695.67
63,3,22,468,1993,740.56
63,3,22,468,1994,782.35
63,3,22,468,1995,815.97
63,3,22,468,1996,765.7
63,3,22,468,1997,693.26
63,3,22,468,1998,630.56
63,3,22,468,1999,625.96
63,3,22,468,2000,623.07
63,3,22,468,2001,604
63,3,22,468,2002,589.63
63,3,22,468,2003,587.04
63,3,22,468,2004,607.66
63,3,22,468,2005,615.81
63,3,22,468,2006,612.97
63,3,22,468,2007,665.39
63,3,22,468,2008,681.73
63,3,22,468,2009,610.96
63,3,22,468,2010,585.15
63,3,22,468,2011,569.44
63,3,22,468,2012,577.12
63,3,22,468,2013,566.59
63,3,22,468,2014,554.64
63,3,22,468,2015,542.71
63,3,22,468,2016,552.81
66,1,22,468,1990,4.03
66,1,22,468,1991,4.38
66,1,22,468,1992,4.64
66,1,22,468,1993,4.91
66,1,22,468,1994,5.25
66,1,22,468,1995,5.68
66,1,22,468,1996,6.11
66,1,22,468,1997,6.52
66,1,22,468,1998,6.97
66,1,22,468,1999,7.26
66,1,22,468,2000,7.66
66,1,22,468,2001,7.78
66,1,22,468,2002,7.69
66,1,22,468,2003,7.71
66,1,22,468,2004,8.04
66,1,22,468,2005,8.84
66,1,22,468,2006,9.72
66,1,22,468,2007,10.6
66,1,22,468,2008,10.97
66,1,22,468,2009,11.41
66,1,22,468,2010,11.72
66,1,22,468,2011,12.15
66,1,22,468,2012,12.62
66,1,22,468,2013,13.3
66,1,22,468,2014,14
66,1,22,468,2015,14.65
66,1,22,468,2016,14.96
66,3,22,468,1990,4.03
66,3,22,468,1991,4.38
66,3,22,468,1992,4.64
66,3,22,468,1993,4.91
66,3,22,468,1994,5.25
66,3,22,468,1995,5.68
66,3,22,468,1996,6.11
66,3,22,468,1997,6.52
66,3,22,468,1998,6.97
66,3,22,468,1999,7.26
66,3,22,468,2000,7.66
66,3,22,468,2001,7.78
66,3,22,468,2002,7.69
66,3,22,468,2003,7.71
66,3,22,468,2004,8.04
66,3,22,468,2005,8.84
66,3,22,468,2006,9.72
66,3,22,468,2007,10.6
66,3,22,468,2008,10.97
66,3,22,468,2009,11.41
66,3,22,468,2010,11.72
66,3,22,468,2011,12.15
66,3,22,468,2012,12.62
66,3,22,468,2013,13.3
66,3,22,468,2014,14
66,3,22,468,2015,14.65
66,3,22,468,2016,14.96
67,1,22,468,1990,1683.59
67,1,22,468,1991,1767.43
67,1,22,468,1992,1821.35
67,1,22,468,1993,1872.44
67,1,22,468,1994,1931.82
67,1,22,468,1995,2122.26
67,1,22,468,1996,2267.5
67,1,22,468,1997,2436.03
67,1,22,468,1998,2673.43
67,1,22,468,1999,2701.01
67,1,22,468,2000,2627.46
67,1,22,468,2001,2527.45
67,1,22,468,2002,2483.76
67,1,22,468,2003,2416.21
67,1,22,468,2004,2418.63
67,1,22,468,2005,2346.85
67,1,22,468,2006,2334.43
67,1,22,468,2007,2345.66
67,1,22,468,2008,2272.86
67,1,22,468,2009,2271.5
67,1,22,468,2010,2170.78
67,1,22,468,2011,2200.38
67,1,22,468,2012,2123.77
67,1,22,468,2013,2079.91
67,1,22,468,2014,2098.19
67,1,22,468,2015,2123.39
67,1,22,468,2016,2127.32
67,3,22,468,1990,1683.59
67,3,22,468,1991,1767.43
67,3,22,468,1992,1821.35
67,3,22,468,1993,1872.44
67,3,22,468,1994,1931.82
67,3,22,468,1995,2122.26
67,3,22,468,1996,2267.5
67,3,22,468,1997,2436.03
67,3,22,468,1998,2673.43
67,3,22,468,1999,2701.01
67,3,22,468,2000,2627.46
67,3,22,468,2001,2527.45
67,3,22,468,2002,2483.76
67,3,22,468,2003,2416.21
67,3,22,468,2004,2418.63
67,3,22,468,2005,2346.85
67,3,22,468,2006,2334.43
67,3,22,468,2007,2345.66
67,3,22,468,2008,2272.86
67,3,22,468,2009,2271.5
67,3,22,468,2010,2170.78
67,3,22,468,2011,2200.38
67,3,22,468,2012,2123.77
67,3,22,468,2013,2079.91
67,3,22,468,2014,2098.19
67,3,22,468,2015,2123.39
67,3,22,468,2016,2127.32
68,1,22,468,1990,147.38
68,1,22,468,1991,151.45
68,1,22,468,1992,161.97
68,1,22,468,1993,174.58
68,1,22,468,1994,186.37
68,1,22,468,1995,200.63
68,1,22,468,1996,216.91
68,1,22,468,1997,232.41
68,1,22,468,1998,240.67
68,1,22,468,1999,248.84
68,1,22,468,2000,255.86
68,1,22,468,2001,260.71
68,1,22,468,2002,266.53
68,1,22,468,2003,268.15
68,1,22,468,2004,261.52
68,1,22,468,2005,260.88
68,1,22,468,2006,260.83
68,1,22,468,2007,267.99
68,1,22,468,2008,273.92
68,1,22,468,2009,281.91
68,1,22,468,2010,284.12
68,1,22,468,2011,285.42
68,1,22,468,2012,285.23
68,1,22,468,2013,288.19
68,1,22,468,2014,293.5
68,1,22,468,2015,300.53
68,1,22,468,2016,309.45
68,3,22,468,1990,147.38
68,3,22,468,1991,151.45
68,3,22,468,1992,161.97
68,3,22,468,1993,174.58
68,3,22,468,1994,186.37
68,3,22,468,1995,200.63
68,3,22,468,1996,216.91
68,3,22,468,1997,232.41
68,3,22,468,1998,240.67
68,3,22,468,1999,248.84
68,3,22,468,2000,255.86
68,3,22,468,2001,260.71
68,3,22,468,2002,266.53
68,3,22,468,2003,268.15
68,3,22,468,2004,261.52
68,3,22,468,2005,260.88
68,3,22,468,2006,260.83
68,3,22,468,2007,267.99
68,3,22,468,2008,273.92
68,3,22,468,2009,281.91
68,3,22,468,2010,284.12
68,3,22,468,2011,285.42
68,3,22,468,2012,285.23
68,3,22,468,2013,288.19
68,3,22,468,2014,293.5
68,3,22,468,2015,300.53
68,3,22,468,2016,309.45
69,1,22,468,1990,16.06
69,1,22,468,1991,15.68
69,1,22,468,1992,14.16
69,1,22,468,1993,13.93
69,1,22,468,1994,14.02
69,1,22,468,1995,14.72
69,1,22,468,1996,15.41
69,1,22,468,1997,16.12
69,1,22,468,1998,16.75
69,1,22,468,1999,17.39
69,1,22,468,2000,18.41
69,1,22,468,2001,18.88
69,1,22,468,2002,18.53
69,1,22,468,2003,19.13
69,1,22,468,2004,19.86
69,1,22,468,2005,20.98
69,1,22,468,2006,21.83
69,1,22,468,2007,23.02
69,1,22,468,2008,23.55
69,1,22,468,2009,24.17
69,1,22,468,2010,24.02
69,1,22,468,2011,24.44
69,1,22,468,2012,24.95
69,1,22,468,2013,24.24
69,1,22,468,2014,25.32
69,1,22,468,2015,24.96
69,1,22,468,2016,25.84
69,3,22,468,1990,16.06
69,3,22,468,1991,15.68
69,3,22,468,1992,14.16
69,3,22,468,1993,13.93
69,3,22,468,1994,14.02
69,3,22,468,1995,14.72
69,3,22,468,1996,15.41
69,3,22,468,1997,16.12
69,3,22,468,1998,16.75
69,3,22,468,1999,17.39
69,3,22,468,2000,18.41
69,3,22,468,2001,18.88
69,3,22,468,2002,18.53
69,3,22,468,2003,19.13
69,3,22,468,2004,19.86
69,3,22,468,2005,20.98
69,3,22,468,2006,21.83
69,3,22,468,2007,23.02
69,3,22,468,2008,23.55
69,3,22,468,2009,24.17
69,3,22,468,2010,24.02
69,3,22,468,2011,24.44
69,3,22,468,2012,24.95
69,3,22,468,2013,24.24
69,3,22,468,2014,25.32
69,3,22,468,2015,24.96
69,3,22,468,2016,25.84
71,1,22,468,1990,438.57
71,1,22,468,1991,442.07
71,1,22,468,1992,445.51
71,1,22,468,1993,452.01
71,1,22,468,1994,496.48
71,1,22,468,1995,547.46
71,1,22,468,1996,566.31
71,1,22,468,1997,584.63
71,1,22,468,1998,605.15
71,1,22,468,1999,627.59
71,1,22,468,2000,600.42
71,1,22,468,2001,590.48
71,1,22,468,2002,604.66
71,1,22,468,2003,590.75
71,1,22,468,2004,588.65
71,1,22,468,2005,601.55
71,1,22,468,2006,594.92
71,1,22,468,2007,597.13
71,1,22,468,2008,585.56
71,1,22,468,2009,618.83
71,1,22,468,2010,644.09
71,1,22,468,2011,646.23
71,1,22,468,2012,677.81
71,1,22,468,2013,683.08
71,1,22,468,2014,742.97
71,1,22,468,2015,786.43
71,1,22,468,2016,816.22
71,3,22,468,1990,438.57
71,3,22,468,1991,442.07
71,3,22,468,1992,445.51
71,3,22,468,1993,452.01
71,3,22,468,1994,496.48
71,3,22,468,1995,547.46
71,3,22,468,1996,566.31
71,3,22,468,1997,584.63
71,3,22,468,1998,605.15
71,3,22,468,1999,627.59
71,3,22,468,2000,600.42
71,3,22,468,2001,590.48
71,3,22,468,2002,604.66
71,3,22,468,2003,590.75
71,3,22,468,2004,588.65
71,3,22,468,2005,601.55
71,3,22,468,2006,594.92
71,3,22,468,2007,597.13
71,3,22,468,2008,585.56
71,3,22,468,2009,618.83
71,3,22,468,2010,644.09
71,3,22,468,2011,646.23
71,3,22,468,2012,677.81
71,3,22,468,2013,683.08
71,3,22,468,2014,742.97
71,3,22,468,2015,786.43
71,3,22,468,2016,816.22
72,1,22,468,1990,98.13
72,1,22,468,1991,103.45
72,1,22,468,1992,100.75
72,1,22,468,1993,101.91
72,1,22,468,1994,103.2
72,1,22,468,1995,99.9
72,1,22,468,1996,101.09
72,1,22,468,1997,103.13
72,1,22,468,1998,109.58
72,1,22,468,1999,115.96
72,1,22,468,2000,118.69
72,1,22,468,2001,127.91
72,1,22,468,2002,132.33
72,1,22,468,2003,132.66
72,1,22,468,2004,126.43
72,1,22,468,2005,130.92
72,1,22,468,2006,122.51
72,1,22,468,2007,121.93
72,1,22,468,2008,121.44
72,1,22,468,2009,118.77
72,1,22,468,2010,120.02
72,1,22,468,2011,112.18
72,1,22,468,2012,121.68
72,1,22,468,2013,127.26
72,1,22,468,2014,130.13
72,1,22,468,2015,135.51
72,1,22,468,2016,139.24
72,3,22,468,1990,98.13
72,3,22,468,1991,103.45
72,3,22,468,1992,100.75
72,3,22,468,1993,101.91
72,3,22,468,1994,103.2
72,3,22,468,1995,99.9
72,3,22,468,1996,101.09
72,3,22,468,1997,103.13
72,3,22,468,1998,109.58
72,3,22,468,1999,115.96
72,3,22,468,2000,118.69
72,3,22,468,2001,127.91
72,3,22,468,2002,132.33
72,3,22,468,2003,132.66
72,3,22,468,2004,126.43
72,3,22,468,2005,130.92
72,3,22,468,2006,122.51
72,3,22,468,2007,121.93
72,3,22,468,2008,121.44
72,3,22,468,2009,118.77
72,3,22,468,2010,120.02
72,3,22,468,2011,112.18
72,3,22,468,2012,121.68
72,3,22,468,2013,127.26
72,3,22,468,2014,130.13
72,3,22,468,2015,135.51
72,3,22,468,2016,139.24
74,1,22,468,1990,1.74
74,1,22,468,1991,1.9
74,1,22,468,1992,2.05
74,1,22,468,1993,2.09
74,1,22,468,1994,2.09
74,1,22,468,1995,2.05
74,1,22,468,1996,2.03
74,1,22,468,1997,2.04
74,1,22,468,1998,2.06
74,1,22,468,1999,2.08
74,1,22,468,2000,2.06
74,1,22,468,2001,2.03
74,1,22,468,2002,2.02
74,1,22,468,2003,2.11
74,1,22,468,2004,2.26
74,1,22,468,2005,2.32
74,1,22,468,2006,2.37
74,1,22,468,2007,2.43
74,1,22,468,2008,2.47
74,1,22,468,2009,2.51
74,1,22,468,2010,2.55
74,1,22,468,2011,2.59
74,1,22,468,2012,2.63
74,1,22,468,2013,2.67
74,1,22,468,2014,2.7
74,1,22,468,2015,2.74
74,1,22,468,2016,2.79
74,3,22,468,1990,1.74
74,3,22,468,1991,1.9
74,3,22,468,1992,2.05
74,3,22,468,1993,2.09
74,3,22,468,1994,2.09
74,3,22,468,1995,2.05
74,3,22,468,1996,2.03
74,3,22,468,1997,2.04
74,3,22,468,1998,2.06
74,3,22,468,1999,2.08
74,3,22,468,2000,2.06
74,3,22,468,2001,2.03
74,3,22,468,2002,2.02
74,3,22,468,2003,2.11
74,3,22,468,2004,2.26
74,3,22,468,2005,2.32
74,3,22,468,2006,2.37
74,3,22,468,2007,2.43
74,3,22,468,2008,2.47
74,3,22,468,2009,2.51
74,3,22,468,2010,2.55
74,3,22,468,2011,2.59
74,3,22,468,2012,2.63
74,3,22,468,2013,2.67
74,3,22,468,2014,2.7
74,3,22,468,2015,2.74
74,3,22,468,2016,2.79
75,1,22,468,1990,271.99
75,1,22,468,1991,283.65
75,1,22,468,1992,291.91
75,1,22,468,1993,303.69
75,1,22,468,1994,305.56
75,1,22,468,1995,313.76
75,1,22,468,1996,310.07
75,1,22,468,1997,305.03
75,1,22,468,1998,309.47
75,1,22,468,1999,306.28
75,1,22,468,2000,305.88
75,1,22,468,2001,297.42
75,1,22,468,2002,303.39
75,1,22,468,2003,318.82
75,1,22,468,2004,319.68
75,1,22,468,2005,333.92
75,1,22,468,2006,353.13
75,1,22,468,2007,354.76
75,1,22,468,2008,344.62
75,1,22,468,2009,341.5
75,1,22,468,2010,348.15
75,1,22,468,2011,347.42
75,1,22,468,2012,345.11
75,1,22,468,2013,351.67
75,1,22,468,2014,363.26
75,1,22,468,2015,358.26
75,1,22,468,2016,363.75
75,3,22,468,1990,271.99
75,3,22,468,1991,283.65
75,3,22,468,1992,291.91
75,3,22,468,1993,303.69
75,3,22,468,1994,305.56
75,3,22,468,1995,313.76
75,3,22,468,1996,310.07
75,3,22,468,1997,305.03
75,3,22,468,1998,309.47
75,3,22,468,1999,306.28
75,3,22,468,2000,305.88
75,3,22,468,2001,297.42
75,3,22,468,2002,303.39
75,3,22,468,2003,318.82
75,3,22,468,2004,319.68
75,3,22,468,2005,333.92
75,3,22,468,2006,353.13
75,3,22,468,2007,354.76
75,3,22,468,2008,344.62
75,3,22,468,2009,341.5
75,3,22,468,2010,348.15
75,3,22,468,2011,347.42
75,3,22,468,2012,345.11
75,3,22,468,2013,351.67
75,3,22,468,2014,363.26
75,3,22,468,2015,358.26
75,3,22,468,2016,363.75
76,1,22,468,1990,222.12
76,1,22,468,1991,234.75
76,1,22,468,1992,232.3
76,1,22,468,1993,234.66
76,1,22,468,1994,253.13
76,1,22,468,1995,248.82
76,1,22,468,1996,247.29
76,1,22,468,1997,242.83
76,1,22,468,1998,229.64
76,1,22,468,1999,228.97
76,1,22,468,2000,239.03
76,1,22,468,2001,261.68
76,1,22,468,2002,262
76,1,22,468,2003,255.56
76,1,22,468,2004,241.05
76,1,22,468,2005,236.88
76,1,22,468,2006,232.97
76,1,22,468,2007,234.4
76,1,22,468,2008,241.2
76,1,22,468,2009,231.61
76,1,22,468,2010,244.19
76,1,22,468,2011,250.35
76,1,22,468,2012,262.87
76,1,22,468,2013,259.55
76,1,22,468,2014,262.13
76,1,22,468,2015,268.18
76,1,22,468,2016,272.73
76,3,22,468,1990,222.12
76,3,22,468,1991,234.75
76,3,22,468,1992,232.3
76,3,22,468,1993,234.66
76,3,22,468,1994,253.13
76,3,22,468,1995,248.82
76,3,22,468,1996,247.29
76,3,22,468,1997,242.83
76,3,22,468,1998,229.64
76,3,22,468,1999,228.97
76,3,22,468,2000,239.03
76,3,22,468,2001,261.68
76,3,22,468,2002,262
76,3,22,468,2003,255.56
76,3,22,468,2004,241.05
76,3,22,468,2005,236.88
76,3,22,468,2006,232.97
76,3,22,468,2007,234.4
76,3,22,468,2008,241.2
76,3,22,468,2009,231.61
76,3,22,468,2010,244.19
76,3,22,468,2011,250.35
76,3,22,468,2012,262.87
76,3,22,468,2013,259.55
76,3,22,468,2014,262.13
76,3,22,468,2015,268.18
76,3,22,468,2016,272.73
77,1,22,468,1990,7.44
77,1,22,468,1991,7.97
77,1,22,468,1992,8.53
77,1,22,468,1993,9.94
77,1,22,468,1994,11.41
77,1,22,468,1995,12.64
77,1,22,468,1996,13.92
77,1,22,468,1997,15.39
77,1,22,468,1998,16.91
77,1,22,468,1999,17.99
77,1,22,468,2000,19.21
77,1,22,468,2001,20.46
77,1,22,468,2002,21.56
77,1,22,468,2003,22.24
77,1,22,468,2004,23.79
77,1,22,468,2005,25.02
77,1,22,468,2006,25.82
77,1,22,468,2007,28.05
77,1,22,468,2008,29.06
77,1,22,468,2009,30.56
77,1,22,468,2010,31.22
77,1,22,468,2011,31.3
77,1,22,468,2012,31.43
77,1,22,468,2013,32.35
77,1,22,468,2014,32.86
77,1,22,468,2015,34.14
77,1,22,468,2016,35.25
77,3,22,468,1990,7.44
77,3,22,468,1991,7.97
77,3,22,468,1992,8.53
77,3,22,468,1993,9.94
77,3,22,468,1994,11.41
77,3,22,468,1995,12.64
77,3,22,468,1996,13.92
77,3,22,468,1997,15.39
77,3,22,468,1998,16.91
77,3,22,468,1999,17.99
77,3,22,468,2000,19.21
77,3,22,468,2001,20.46
77,3,22,468,2002,21.56
77,3,22,468,2003,22.24
77,3,22,468,2004,23.79
77,3,22,468,2005,25.02
77,3,22,468,2006,25.82
77,3,22,468,2007,28.05
77,3,22,468,2008,29.06
77,3,22,468,2009,30.56
77,3,22,468,2010,31.22
77,3,22,468,2011,31.3
77,3,22,468,2012,31.43
77,3,22,468,2013,32.35
77,3,22,468,2014,32.86
77,3,22,468,2015,34.14
77,3,22,468,2016,35.25
78,1,22,468,1990,268.88
78,1,22,468,1991,274.21
78,1,22,468,1992,282.31
78,1,22,468,1993,291.37
78,1,22,468,1994,301.15
78,1,22,468,1995,315.09
78,1,22,468,1996,320.24
78,1,22,468,1997,321.44
78,1,22,468,1998,314.63
78,1,22,468,1999,306.15
78,1,22,468,2000,308.02
78,1,22,468,2001,303.55
78,1,22,468,2002,304.45
78,1,22,468,2003,293.08
78,1,22,468,2004,297.12
78,1,22,468,2005,286.56
78,1,22,468,2006,281.87
78,1,22,468,2007,278.28
78,1,22,468,2008,275.23
78,1,22,468,2009,268.54
78,1,22,468,2010,261.89
78,1,22,468,2011,263.18
78,1,22,468,2012,251.04
78,1,22,468,2013,226.62
78,1,22,468,2014,238.88
78,1,22,468,2015,243.06
78,1,22,468,2016,246.01
78,3,22,468,1990,268.88
78,3,22,468,1991,274.21
78,3,22,468,1992,282.31
78,3,22,468,1993,291.37
78,3,22,468,1994,301.15
78,3,22,468,1995,315.09
78,3,22,468,1996,320.24
78,3,22,468,1997,321.44
78,3,22,468,1998,314.63
78,3,22,468,1999,306.15
78,3,22,468,2000,308.02
78,3,22,468,2001,303.55
78,3,22,468,2002,304.45
78,3,22,468,2003,293.08
78,3,22,468,2004,297.12
78,3,22,468,2005,286.56
78,3,22,468,2006,281.87
78,3,22,468,2007,278.28
78,3,22,468,2008,275.23
78,3,22,468,2009,268.54
78,3,22,468,2010,261.89
78,3,22,468,2011,263.18
78,3,22,468,2012,251.04
78,3,22,468,2013,226.62
78,3,22,468,2014,238.88
78,3,22,468,2015,243.06
78,3,22,468,2016,246.01
79,1,22,468,1990,76.3
79,1,22,468,1991,78.27
79,1,22,468,1992,73.07
79,1,22,468,1993,71.08
79,1,22,468,1994,68.74
79,1,22,468,1995,75.21
79,1,22,468,1996,77.86
79,1,22,468,1997,83.51
79,1,22,468,1998,88.42
79,1,22,468,1999,92.01
79,1,22,468,2000,90.03
79,1,22,468,2001,87.38
79,1,22,468,2002,93.04
79,1,22,468,2003,96.13
79,1,22,468,2004,94.96
79,1,22,468,2005,102.12
79,1,22,468,2006,104.49
79,1,22,468,2007,112.27
79,1,22,468,2008,113.5
79,1,22,468,2009,117.68
79,1,22,468,2010,115.12
79,1,22,468,2011,128.37
79,1,22,468,2012,134.57
79,1,22,468,2013,149.02
79,1,22,468,2014,154.99
79,1,22,468,2015,141.83
79,1,22,468,2016,139.64
79,3,22,468,1990,76.3
79,3,22,468,1991,78.27
79,3,22,468,1992,73.07
79,3,22,468,1993,71.08
79,3,22,468,1994,68.74
79,3,22,468,1995,75.21
79,3,22,468,1996,77.86
79,3,22,468,1997,83.51
79,3,22,468,1998,88.42
79,3,22,468,1999,92.01
79,3,22,468,2000,90.03
79,3,22,468,2001,87.38
79,3,22,468,2002,93.04
79,3,22,468,2003,96.13
79,3,22,468,2004,94.96
79,3,22,468,2005,102.12
79,3,22,468,2006,104.49
79,3,22,468,2007,112.27
79,3,22,468,2008,113.5
79,3,22,468,2009,117.68
79,3,22,468,2010,115.12
79,3,22,468,2011,128.37
79,3,22,468,2012,134.57
79,3,22,468,2013,149.02
79,3,22,468,2014,154.99
79,3,22,468,2015,141.83
79,3,22,468,2016,139.64
80,1,22,468,1990,1414.93
80,1,22,468,1991,1449.67
80,1,22,468,1992,1503.67
80,1,22,468,1993,1528.77
80,1,22,468,1994,1541.38
80,1,22,468,1995,1591.23
80,1,22,468,1996,1634.79
80,1,22,468,1997,1721.73
80,1,22,468,1998,1741.7
80,1,22,468,1999,1753.72
80,1,22,468,2000,1803.96
80,1,22,468,2001,1827.78
80,1,22,468,2002,1851.99
80,1,22,468,2003,1847.56
80,1,22,468,2004,1810.49
80,1,22,468,2005,1829.09
80,1,22,468,2006,1847.5
80,1,22,468,2007,1887.63
80,1,22,468,2008,1907.23
80,1,22,468,2009,1926.64
80,1,22,468,2010,1942.42
80,1,22,468,2011,1940.39
80,1,22,468,2012,1929.57
80,1,22,468,2013,1956.77
80,1,22,468,2014,1905.05
80,1,22,468,2015,1899.29
80,1,22,468,2016,1902.42
80,3,22,468,1990,1414.93
80,3,22,468,1991,1449.67
80,3,22,468,1992,1503.67
80,3,22,468,1993,1528.77
80,3,22,468,1994,1541.38
80,3,22,468,1995,1591.23
80,3,22,468,1996,1634.79
80,3,22,468,1997,1721.73
80,3,22,468,1998,1741.7
80,3,22,468,1999,1753.72
80,3,22,468,2000,1803.96
80,3,22,468,2001,1827.78
80,3,22,468,2002,1851.99
80,3,22,468,2003,1847.56
80,3,22,468,2004,1810.49
80,3,22,468,2005,1829.09
80,3,22,468,2006,1847.5
80,3,22,468,2007,1887.63
80,3,22,468,2008,1907.23
80,3,22,468,2009,1926.64
80,3,22,468,2010,1942.42
80,3,22,468,2011,1940.39
80,3,22,468,2012,1929.57
80,3,22,468,2013,1956.77
80,3,22,468,2014,1905.05
80,3,22,468,2015,1899.29
80,3,22,468,2016,1902.42
81,1,22,468,1990,3639.18
81,1,22,468,1991,3720.46
81,1,22,468,1992,3737.64
81,1,22,468,1993,3769.19
81,1,22,468,1994,3851.37
81,1,22,468,1995,4038.45
81,1,22,468,1996,4152.67
81,1,22,468,1997,4315.16
81,1,22,468,1998,4261.27
81,1,22,468,1999,4245.07
81,1,22,468,2000,4224.74
81,1,22,468,2001,4181.93
81,1,22,468,2002,4167.43
81,1,22,468,2003,4156.59
81,1,22,468,2004,4143.98
81,1,22,468,2005,4083.36
81,1,22,468,2006,3991.65
81,1,22,468,2007,3984.72
81,1,22,468,2008,3979.66
81,1,22,468,2009,3986.03
81,1,22,468,2010,4013.2
81,1,22,468,2011,4018.15
81,1,22,468,2012,4049.54
81,1,22,468,2013,4070.3
81,1,22,468,2014,4136.14
81,1,22,468,2015,4222.8
81,1,22,468,2016,4279.82
81,3,22,468,1990,3639.18
81,3,22,468,1991,3720.46
81,3,22,468,1992,3737.64
81,3,22,468,1993,3769.19
81,3,22,468,1994,3851.37
81,3,22,468,1995,4038.45
81,3,22,468,1996,4152.67
81,3,22,468,1997,4315.16
81,3,22,468,1998,4261.27
81,3,22,468,1999,4245.07
81,3,22,468,2000,4224.74
81,3,22,468,2001,4181.93
81,3,22,468,2002,4167.43
81,3,22,468,2003,4156.59
81,3,22,468,2004,4143.98
81,3,22,468,2005,4083.36
81,3,22,468,2006,3991.65
81,3,22,468,2007,3984.72
81,3,22,468,2008,3979.66
81,3,22,468,2009,3986.03
81,3,22,468,2010,4013.2
81,3,22,468,2011,4018.15
81,3,22,468,2012,4049.54
81,3,22,468,2013,4070.3
81,3,22,468,2014,4136.14
81,3,22,468,2015,4222.8
81,3,22,468,2016,4279.82
82,1,22,468,1990,140.6
82,1,22,468,1991,149.49
82,1,22,468,1992,158.01
82,1,22,468,1993,151.4
82,1,22,468,1994,160.54
82,1,22,468,1995,162
82,1,22,468,1996,192.01
82,1,22,468,1997,199.2
82,1,22,468,1998,221.39
82,1,22,468,1999,226.65
82,1,22,468,2000,260.73
82,1,22,468,2001,288.8
82,1,22,468,2002,312.81
82,1,22,468,2003,327.75
82,1,22,468,2004,328.23
82,1,22,468,2005,334.23
82,1,22,468,2006,333.08
82,1,22,468,2007,351.85
82,1,22,468,2008,361.62
82,1,22,468,2009,383.2
82,1,22,468,2010,376.04
82,1,22,468,2011,365.58
82,1,22,468,2012,364.61
82,1,22,468,2013,361
82,1,22,468,2014,359.82
82,1,22,468,2015,362.19
82,1,22,468,2016,360.21
82,3,22,468,1990,140.6
82,3,22,468,1991,149.49
82,3,22,468,1992,158.01
82,3,22,468,1993,151.4
82,3,22,468,1994,160.54
82,3,22,468,1995,162
82,3,22,468,1996,192.01
82,3,22,468,1997,199.2
82,3,22,468,1998,221.39
82,3,22,468,1999,226.65
82,3,22,468,2000,260.73
82,3,22,468,2001,288.8
82,3,22,468,2002,312.81
82,3,22,468,2003,327.75
82,3,22,468,2004,328.23
82,3,22,468,2005,334.23
82,3,22,468,2006,333.08
82,3,22,468,2007,351.85
82,3,22,468,2008,361.62
82,3,22,468,2009,383.2
82,3,22,468,2010,376.04
82,3,22,468,2011,365.58
82,3,22,468,2012,364.61
82,3,22,468,2013,361
82,3,22,468,2014,359.82
82,3,22,468,2015,362.19
82,3,22,468,2016,360.21
83,1,22,468,1990,4.92
83,1,22,468,1991,4.93
83,1,22,468,1992,4.77
83,1,22,468,1993,4.7
83,1,22,468,1994,4.83
83,1,22,468,1995,4.95
83,1,22,468,1996,5.05
83,1,22,468,1997,5.34
83,1,22,468,1998,5.63
83,1,22,468,1999,5.91
83,1,22,468,2000,6.32
83,1,22,468,2001,6.83
83,1,22,468,2002,6.82
83,1,22,468,2003,6.44
83,1,22,468,2004,6.35
83,1,22,468,2005,6.36
83,1,22,468,2006,6.82
83,1,22,468,2007,7.26
83,1,22,468,2008,7.36
83,1,22,468,2009,7.38
83,1,22,468,2010,7.8
83,1,22,468,2011,8.09
83,1,22,468,2012,8.16
83,1,22,468,2013,8.34
83,1,22,468,2014,8.2
83,1,22,468,2015,7.57
83,1,22,468,2016,7.1
83,3,22,468,1990,4.92
83,3,22,468,1991,4.93
83,3,22,468,1992,4.77
83,3,22,468,1993,4.7
83,3,22,468,1994,4.83
83,3,22,468,1995,4.95
83,3,22,468,1996,5.05
83,3,22,468,1997,5.34
83,3,22,468,1998,5.63
83,3,22,468,1999,5.91
83,3,22,468,2000,6.32
83,3,22,468,2001,6.83
83,3,22,468,2002,6.82
83,3,22,468,2003,6.44
83,3,22,468,2004,6.35
83,3,22,468,2005,6.36
83,3,22,468,2006,6.82
83,3,22,468,2007,7.26
83,3,22,468,2008,7.36
83,3,22,468,2009,7.38
83,3,22,468,2010,7.8
83,3,22,468,2011,8.09
83,3,22,468,2012,8.16
83,3,22,468,2013,8.34
83,3,22,468,2014,8.2
83,3,22,468,2015,7.57
83,3,22,468,2016,7.1
84,1,22,468,1990,56.3
84,1,22,468,1991,60.49
84,1,22,468,1992,64.56
84,1,22,468,1993,70.58
84,1,22,468,1994,75.96
84,1,22,468,1995,78.6
84,1,22,468,1996,89.13
84,1,22,468,1997,92.82
84,1,22,468,1998,104.14
84,1,22,468,1999,115.43
84,1,22,468,2000,122.55
84,1,22,468,2001,123.37
84,1,22,468,2002,124.53
84,1,22,468,2003,130.61
84,1,22,468,2004,132.71
84,1,22,468,2005,145.21
84,1,22,468,2006,153.41
84,1,22,468,2007,155.13
84,1,22,468,2008,156.26
84,1,22,468,2009,158.41
84,1,22,468,2010,153.61
84,1,22,468,2011,152.88
84,1,22,468,2012,160.35
84,1,22,468,2013,152.04
84,1,22,468,2014,146.99
84,1,22,468,2015,144.9
84,1,22,468,2016,145.04
84,3,22,468,1990,56.3
84,3,22,468,1991,60.49
84,3,22,468,1992,64.56
84,3,22,468,1993,70.58
84,3,22,468,1994,75.96
84,3,22,468,1995,78.6
84,3,22,468,1996,89.13
84,3,22,468,1997,92.82
84,3,22,468,1998,104.14
84,3,22,468,1999,115.43
84,3,22,468,2000,122.55
84,3,22,468,2001,123.37
84,3,22,468,2002,124.53
84,3,22,468,2003,130.61
84,3,22,468,2004,132.71
84,3,22,468,2005,145.21
84,3,22,468,2006,153.41
84,3,22,468,2007,155.13
84,3,22,468,2008,156.26
84,3,22,468,2009,158.41
84,3,22,468,2010,153.61
84,3,22,468,2011,152.88
84,3,22,468,2012,160.35
84,3,22,468,2013,152.04
84,3,22,468,2014,146.99
84,3,22,468,2015,144.9
84,3,22,468,2016,145.04
85,1,22,468,1990,22.96
85,1,22,468,1991,27.34
85,1,22,468,1992,29
85,1,22,468,1993,30.16
85,1,22,468,1994,31.97
85,1,22,468,1995,32.26
85,1,22,468,1996,36.76
85,1,22,468,1997,41.12
85,1,22,468,1998,42.69
85,1,22,468,1999,43.56
85,1,22,468,2000,40.41
85,1,22,468,2001,38.53
85,1,22,468,2002,42.62
85,1,22,468,2003,43.14
85,1,22,468,2004,43.84
85,1,22,468,2005,45.43
85,1,22,468,2006,45.03
85,1,22,468,2007,49.5
85,1,22,468,2008,50.13
85,1,22,468,2009,50.6
85,1,22,468,2010,53.95
85,1,22,468,2011,58.97
85,1,22,468,2012,64.68
85,1,22,468,2013,66.79
85,1,22,468,2014,76.34
85,1,22,468,2015,74.29
85,1,22,468,2016,74.34
85,3,22,468,1990,22.96
85,3,22,468,1991,27.34
85,3,22,468,1992,29
85,3,22,468,1993,30.16
85,3,22,468,1994,31.97
85,3,22,468,1995,32.26
85,3,22,468,1996,36.76
85,3,22,468,1997,41.12
85,3,22,468,1998,42.69
85,3,22,468,1999,43.56
85,3,22,468,2000,40.41
85,3,22,468,2001,38.53
85,3,22,468,2002,42.62
85,3,22,468,2003,43.14
85,3,22,468,2004,43.84
85,3,22,468,2005,45.43
85,3,22,468,2006,45.03
85,3,22,468,2007,49.5
85,3,22,468,2008,50.13
85,3,22,468,2009,50.6
85,3,22,468,2010,53.95
85,3,22,468,2011,58.97
85,3,22,468,2012,64.68
85,3,22,468,2013,66.79
85,3,22,468,2014,76.34
85,3,22,468,2015,74.29
85,3,22,468,2016,74.34
86,1,22,468,1990,1306.58
86,1,22,468,1991,1331.31
86,1,22,468,1992,1358.21
86,1,22,468,1993,1350
86,1,22,468,1994,1374.45
86,1,22,468,1995,1406.5
86,1,22,468,1996,1403.01
86,1,22,468,1997,1434.7
86,1,22,468,1998,1504.93
86,1,22,468,1999,1554.31
86,1,22,468,2000,1600.5
86,1,22,468,2001,1628.48
86,1,22,468,2002,1647.18
86,1,22,468,2003,1641.87
86,1,22,468,2004,1687.15
86,1,22,468,2005,1734.11
86,1,22,468,2006,1786.88
86,1,22,468,2007,1851.42
86,1,22,468,2008,1863.39
86,1,22,468,2009,1871.17
86,1,22,468,2010,1834.82
86,1,22,468,2011,1824.43
86,1,22,468,2012,1816.22
86,1,22,468,2013,1777.03
86,1,22,468,2014,1795.9
86,1,22,468,2015,1812.6
86,1,22,468,2016,1821.73
86,3,22,468,1990,1306.58
86,3,22,468,1991,1331.31
86,3,22,468,1992,1358.21
86,3,22,468,1993,1350
86,3,22,468,1994,1374.45
86,3,22,468,1995,1406.5
86,3,22,468,1996,1403.01
86,3,22,468,1997,1434.7
86,3,22,468,1998,1504.93
86,3,22,468,1999,1554.31
86,3,22,468,2000,1600.5
86,3,22,468,2001,1628.48
86,3,22,468,2002,1647.18
86,3,22,468,2003,1641.87
86,3,22,468,2004,1687.15
86,3,22,468,2005,1734.11
86,3,22,468,2006,1786.88
86,3,22,468,2007,1851.42
86,3,22,468,2008,1863.39
86,3,22,468,2009,1871.17
86,3,22,468,2010,1834.82
86,3,22,468,2011,1824.43
86,3,22,468,2012,1816.22
86,3,22,468,2013,1777.03
86,3,22,468,2014,1795.9
86,3,22,468,2015,1812.6
86,3,22,468,2016,1821.73
87,1,22,468,1990,26.96
87,1,22,468,1991,26.88
87,1,22,468,1992,26.61
87,1,22,468,1993,26.51
87,1,22,468,1994,27.21
87,1,22,468,1995,26.77
87,1,22,468,1996,27.01
87,1,22,468,1997,27.61
87,1,22,468,1998,27.61
87,1,22,468,1999,27.46
87,1,22,468,2000,28.1
87,1,22,468,2001,28.63
87,1,22,468,2002,28.36
87,1,22,468,2003,27.69
87,1,22,468,2004,27.42
87,1,22,468,2005,26.63
87,1,22,468,2006,25.58
87,1,22,468,2007,25.72
87,1,22,468,2008,25.51
87,1,22,468,2009,24.94
87,1,22,468,2010,24.68
87,1,22,468,2011,24.73
87,1,22,468,2012,25.2
87,1,22,468,2013,25.66
87,1,22,468,2014,27.32
87,1,22,468,2015,29.2
87,1,22,468,2016,30.4
87,3,22,468,1990,26.96
87,3,22,468,1991,26.88
87,3,22,468,1992,26.61
87,3,22,468,1993,26.51
87,3,22,468,1994,27.21
87,3,22,468,1995,26.77
87,3,22,468,1996,27.01
87,3,22,468,1997,27.61
87,3,22,468,1998,27.61
87,3,22,468,1999,27.46
87,3,22,468,2000,28.1
87,3,22,468,2001,28.63
87,3,22,468,2002,28.36
87,3,22,468,2003,27.69
87,3,22,468,2004,27.42
87,3,22,468,2005,26.63
87,3,22,468,2006,25.58
87,3,22,468,2007,25.72
87,3,22,468,2008,25.51
87,3,22,468,2009,24.94
87,3,22,468,2010,24.68
87,3,22,468,2011,24.73
87,3,22,468,2012,25.2
87,3,22,468,2013,25.66
87,3,22,468,2014,27.32
87,3,22,468,2015,29.2
87,3,22,468,2016,30.4
88,1,22,468,1990,4.82
88,1,22,468,1991,4.78
88,1,22,468,1992,5
88,1,22,468,1993,5.3
88,1,22,468,1994,5.76
88,1,22,468,1995,5.97
88,1,22,468,1996,6.07
88,1,22,468,1997,6.81
88,1,22,468,1998,7.56
88,1,22,468,1999,8.08
88,1,22,468,2000,9.16
88,1,22,468,2001,9.3
88,1,22,468,2002,9.35
88,1,22,468,2003,9.27
88,1,22,468,2004,9.26
88,1,22,468,2005,9.75
88,1,22,468,2006,9.98
88,1,22,468,2007,10.53
88,1,22,468,2008,11.04
88,1,22,468,2009,11.32
88,1,22,468,2010,11.54
88,1,22,468,2011,11.64
88,1,22,468,2012,11.88
88,1,22,468,2013,12.02
88,1,22,468,2014,12.27
88,1,22,468,2015,12.81
88,1,22,468,2016,13.14
88,3,22,468,1990,4.82
88,3,22,468,1991,4.78
88,3,22,468,1992,5
88,3,22,468,1993,5.3
88,3,22,468,1994,5.76
88,3,22,468,1995,5.97
88,3,22,468,1996,6.07
88,3,22,468,1997,6.81
88,3,22,468,1998,7.56
88,3,22,468,1999,8.08
88,3,22,468,2000,9.16
88,3,22,468,2001,9.3
88,3,22,468,2002,9.35
88,3,22,468,2003,9.27
88,3,22,468,2004,9.26
88,3,22,468,2005,9.75
88,3,22,468,2006,9.98
88,3,22,468,2007,10.53
88,3,22,468,2008,11.04
88,3,22,468,2009,11.32
88,3,22,468,2010,11.54
88,3,22,468,2011,11.64
88,3,22,468,2012,11.88
88,3,22,468,2013,12.02
88,3,22,468,2014,12.27
88,3,22,468,2015,12.81
88,3,22,468,2016,13.14
89,1,22,468,1990,437.3
89,1,22,468,1991,449.36
89,1,22,468,1992,462.78
89,1,22,468,1993,482.19
89,1,22,468,1994,484.77
89,1,22,468,1995,539.86
89,1,22,468,1996,563.1
89,1,22,468,1997,590.19
89,1,22,468,1998,582.83
89,1,22,468,1999,591.58
89,1,22,468,2000,627.29
89,1,22,468,2001,638.31
89,1,22,468,2002,715.41
89,1,22,468,2003,731.06
89,1,22,468,2004,742.72
89,1,22,468,2005,716.8
89,1,22,468,2006,712.42
89,1,22,468,2007,735.18
89,1,22,468,2008,746.38
89,1,22,468,2009,755.33
89,1,22,468,2010,760.73
89,1,22,468,2011,774.69
89,1,22,468,2012,805.93
89,1,22,468,2013,791.23
89,1,22,468,2014,765.68
89,1,22,468,2015,766.42
89,1,22,468,2016,762.5
89,3,22,468,1990,437.3
89,3,22,468,1991,449.36
89,3,22,468,1992,462.78
89,3,22,468,1993,482.19
89,3,22,468,1994,484.77
89,3,22,468,1995,539.86
89,3,22,468,1996,563.1
89,3,22,468,1997,590.19
89,3,22,468,1998,582.83
89,3,22,468,1999,591.58
89,3,22,468,2000,627.29
89,3,22,468,2001,638.31
89,3,22,468,2002,715.41
89,3,22,468,2003,731.06
89,3,22,468,2004,742.72
89,3,22,468,2005,716.8
89,3,22,468,2006,712.42
89,3,22,468,2007,735.18
89,3,22,468,2008,746.38
89,3,22,468,2009,755.33
89,3,22,468,2010,760.73
89,3,22,468,2011,774.69
89,3,22,468,2012,805.93
89,3,22,468,2013,791.23
89,3,22,468,2014,765.68
89,3,22,468,2015,766.42
89,3,22,468,2016,762.5
90,1,22,468,1990,155.07
90,1,22,468,1991,167.49
90,1,22,468,1992,173.63
90,1,22,468,1993,175.45
90,1,22,468,1994,188.14
90,1,22,468,1995,192.92
90,1,22,468,1996,204.57
90,1,22,468,1997,212.59
90,1,22,468,1998,224.96
90,1,22,468,1999,238.12
90,1,22,468,2000,262.73
90,1,22,468,2001,281.34
90,1,22,468,2002,293.32
90,1,22,468,2003,284.96
90,1,22,468,2004,278.41
90,1,22,468,2005,256.94
90,1,22,468,2006,273.42
90,1,22,468,2007,279.97
90,1,22,468,2008,283.54
90,1,22,468,2009,299.52
90,1,22,468,2010,307.19
90,1,22,468,2011,311.49
90,1,22,468,2012,305.03
90,1,22,468,2013,297.44
90,1,22,468,2014,282.86
90,1,22,468,2015,289.27
90,1,22,468,2016,293.04
90,3,22,468,1990,155.07
90,3,22,468,1991,167.49
90,3,22,468,1992,173.63
90,3,22,468,1993,175.45
90,3,22,468,1994,188.14
90,3,22,468,1995,192.92
90,3,22,468,1996,204.57
90,3,22,468,1997,212.59
90,3,22,468,1998,224.96
90,3,22,468,1999,238.12
90,3,22,468,2000,262.73
90,3,22,468,2001,281.34
90,3,22,468,2002,293.32
90,3,22,468,2003,284.96
90,3,22,468,2004,278.41
90,3,22,468,2005,256.94
90,3,22,468,2006,273.42
90,3,22,468,2007,279.97
90,3,22,468,2008,283.54
90,3,22,468,2009,299.52
90,3,22,468,2010,307.19
90,3,22,468,2011,311.49
90,3,22,468,2012,305.03
90,3,22,468,2013,297.44
90,3,22,468,2014,282.86
90,3,22,468,2015,289.27
90,3,22,468,2016,293.04
91,1,22,468,1990,66.03
91,1,22,468,1991,70.12
91,1,22,468,1992,78.06
91,1,22,468,1993,84.65
91,1,22,468,1994,89.88
91,1,22,468,1995,100.6
91,1,22,468,1996,103.44
91,1,22,468,1997,109.86
91,1,22,468,1998,114.16
91,1,22,468,1999,131.78
91,1,22,468,2000,140.93
91,1,22,468,2001,146.9
91,1,22,468,2002,142.11
91,1,22,468,2003,132.51
91,1,22,468,2004,130.09
91,1,22,468,2005,110.4
91,1,22,468,2006,115.49
91,1,22,468,2007,129.4
91,1,22,468,2008,135.55
91,1,22,468,2009,131.64
91,1,22,468,2010,134.24
91,1,22,468,2011,135.65
91,1,22,468,2012,132.19
91,1,22,468,2013,138.06
91,1,22,468,2014,134.74
91,1,22,468,2015,136.73
91,1,22,468,2016,137.98
91,3,22,468,1990,66.03
91,3,22,468,1991,70.12
91,3,22,468,1992,78.06
91,3,22,468,1993,84.65
91,3,22,468,1994,89.88
91,3,22,468,1995,100.6
91,3,22,468,1996,103.44
91,3,22,468,1997,109.86
91,3,22,468,1998,114.16
91,3,22,468,1999,131.78
91,3,22,468,2000,140.93
91,3,22,468,2001,146.9
91,3,22,468,2002,142.11
91,3,22,468,2003,132.51
91,3,22,468,2004,130.09
91,3,22,468,2005,110.4
91,3,22,468,2006,115.49
91,3,22,468,2007,129.4
91,3,22,468,2008,135.55
91,3,22,468,2009,131.64
91,3,22,468,2010,134.24
91,3,22,468,2011,135.65
91,3,22,468,2012,132.19
91,3,22,468,2013,138.06
91,3,22,468,2014,134.74
91,3,22,468,2015,136.73
91,3,22,468,2016,137.98
92,1,22,468,1990,348.31
92,1,22,468,1991,362.62
92,1,22,468,1992,398.77
92,1,22,468,1993,404.46
92,1,22,468,1994,414.23
92,1,22,468,1995,427.14
92,1,22,468,1996,421.25
92,1,22,468,1997,449.05
92,1,22,468,1998,441.95
92,1,22,468,1999,461.57
92,1,22,468,2000,491.07
92,1,22,468,2001,510.35
92,1,22,468,2002,529.58
92,1,22,468,2003,551.57
92,1,22,468,2004,575.08
92,1,22,468,2005,611.21
92,1,22,468,2006,612.41
92,1,22,468,2007,634.6
92,1,22,468,2008,658.61
92,1,22,468,2009,653.45
92,1,22,468,2010,660.84
92,1,22,468,2011,647.18
92,1,22,468,2012,622.97
92,1,22,468,2013,608.69
92,1,22,468,2014,595.76
92,1,22,468,2015,599.02
92,1,22,468,2016,597.25
92,3,22,468,1990,348.31
92,3,22,468,1991,362.62
92,3,22,468,1992,398.77
92,3,22,468,1993,404.46
92,3,22,468,1994,414.23
92,3,22,468,1995,427.14
92,3,22,468,1996,421.25
92,3,22,468,1997,449.05
92,3,22,468,1998,441.95
92,3,22,468,1999,461.57
92,3,22,468,2000,491.07
92,3,22,468,2001,510.35
92,3,22,468,2002,529.58
92,3,22,468,2003,551.57
92,3,22,468,2004,575.08
92,3,22,468,2005,611.21
92,3,22,468,2006,612.41
92,3,22,468,2007,634.6
92,3,22,468,2008,658.61
92,3,22,468,2009,653.45
92,3,22,468,2010,660.84
92,3,22,468,2011,647.18
92,3,22,468,2012,622.97
92,3,22,468,2013,608.69
92,3,22,468,2014,595.76
92,3,22,468,2015,599.02
92,3,22,468,2016,597.25
93,1,22,468,1990,218.24
93,1,22,468,1991,215.15
93,1,22,468,1992,215.09
93,1,22,468,1993,215.03
93,1,22,468,1994,232.62
93,1,22,468,1995,235.75
93,1,22,468,1996,250.84
93,1,22,468,1997,271
93,1,22,468,1998,259.35
93,1,22,468,1999,263.72
93,1,22,468,2000,261.38
93,1,22,468,2001,269.69
93,1,22,468,2002,270.67
93,1,22,468,2003,266.2
93,1,22,468,2004,277.38
93,1,22,468,2005,269.67
93,1,22,468,2006,278.13
93,1,22,468,2007,274.27
93,1,22,468,2008,282.75
93,1,22,468,2009,273.37
93,1,22,468,2010,277.29
93,1,22,468,2011,293.12
93,1,22,468,2012,309.98
93,1,22,468,2013,320.9
93,1,22,468,2014,310.24
93,1,22,468,2015,308.03
93,1,22,468,2016,317.24
93,3,22,468,1990,218.24
93,3,22,468,1991,215.15
93,3,22,468,1992,215.09
93,3,22,468,1993,215.03
93,3,22,468,1994,232.62
93,3,22,468,1995,235.75
93,3,22,468,1996,250.84
93,3,22,468,1997,271
93,3,22,468,1998,259.35
93,3,22,468,1999,263.72
93,3,22,468,2000,261.38
93,3,22,468,2001,269.69
93,3,22,468,2002,270.67
93,3,22,468,2003,266.2
93,3,22,468,2004,277.38
93,3,22,468,2005,269.67
93,3,22,468,2006,278.13
93,3,22,468,2007,274.27
93,3,22,468,2008,282.75
93,3,22,468,2009,273.37
93,3,22,468,2010,277.29
93,3,22,468,2011,293.12
93,3,22,468,2012,309.98
93,3,22,468,2013,320.9
93,3,22,468,2014,310.24
93,3,22,468,2015,308.03
93,3,22,468,2016,317.24
94,1,22,468,1990,339.01
94,1,22,468,1991,352.05
94,1,22,468,1992,357.02
94,1,22,468,1993,349.57
94,1,22,468,1994,335.4
94,1,22,468,1995,287.78
94,1,22,468,1996,281.03
94,1,22,468,1997,271.91
94,1,22,468,1998,262.09
94,1,22,468,1999,280.23
94,1,22,468,2000,279.71
94,1,22,468,2001,273.27
94,1,22,468,2002,278.4
94,1,22,468,2003,266.47
94,1,22,468,2004,277.66
94,1,22,468,2005,268.85
94,1,22,468,2006,265.29
94,1,22,468,2007,264.22
94,1,22,468,2008,262.35
94,1,22,468,2009,257.69
94,1,22,468,2010,246.02
94,1,22,468,2011,247.58
94,1,22,468,2012,244.36
94,1,22,468,2013,245.79
94,1,22,468,2014,237.76
94,1,22,468,2015,239.75
94,1,22,468,2016,248.66
94,3,22,468,1990,339.01
94,3,22,468,1991,352.05
94,3,22,468,1992,357.02
94,3,22,468,1993,349.57
94,3,22,468,1994,335.4
94,3,22,468,1995,287.78
94,3,22,468,1996,281.03
94,3,22,468,1997,271.91
94,3,22,468,1998,262.09
94,3,22,468,1999,280.23
94,3,22,468,2000,279.71
94,3,22,468,2001,273.27
94,3,22,468,2002,278.4
94,3,22,468,2003,266.47
94,3,22,468,2004,277.66
94,3,22,468,2005,268.85
94,3,22,468,2006,265.29
94,3,22,468,2007,264.22
94,3,22,468,2008,262.35
94,3,22,468,2009,257.69
94,3,22,468,2010,246.02
94,3,22,468,2011,247.58
94,3,22,468,2012,244.36
94,3,22,468,2013,245.79
94,3,22,468,2014,237.76
94,3,22,468,2015,239.75
94,3,22,468,2016,248.66
95,1,22,468,1990,2297.09
95,1,22,468,1991,2314.68
95,1,22,468,1992,2329.26
95,1,22,468,1993,2265.22
95,1,22,468,1994,2187.84
95,1,22,468,1995,2205.64
95,1,22,468,1996,2274.12
95,1,22,468,1997,2153.5
95,1,22,468,1998,2170.08
95,1,22,468,1999,2221.18
95,1,22,468,2000,2275.72
95,1,22,468,2001,2264.75
95,1,22,468,2002,2284.24
95,1,22,468,2003,2269.81
95,1,22,468,2004,2239.92
95,1,22,468,2005,2194.16
95,1,22,468,2006,2199.22
95,1,22,468,2007,2165.71
95,1,22,468,2008,2220.6
95,1,22,468,2009,2232.55
95,1,22,468,2010,2261.72
95,1,22,468,2011,2233.42
95,1,22,468,2012,2221.64
95,1,22,468,2013,2266.41
95,1,22,468,2014,2272.14
95,1,22,468,2015,2314.25
95,1,22,468,2016,2351.06
95,3,22,468,1990,2297.09
95,3,22,468,1991,2314.68
95,3,22,468,1992,2329.26
95,3,22,468,1993,2265.22
95,3,22,468,1994,2187.84
95,3,22,468,1995,2205.64
95,3,22,468,1996,2274.12
95,3,22,468,1997,2153.5
95,3,22,468,1998,2170.08
95,3,22,468,1999,2221.18
95,3,22,468,2000,2275.72
95,3,22,468,2001,2264.75
95,3,22,468,2002,2284.24
95,3,22,468,2003,2269.81
95,3,22,468,2004,2239.92
95,3,22,468,2005,2194.16
95,3,22,468,2006,2199.22
95,3,22,468,2007,2165.71
95,3,22,468,2008,2220.6
95,3,22,468,2009,2232.55
95,3,22,468,2010,2261.72
95,3,22,468,2011,2233.42
95,3,22,468,2012,2221.64
95,3,22,468,2013,2266.41
95,3,22,468,2014,2272.14
95,3,22,468,2015,2314.25
95,3,22,468,2016,2351.06
97,1,22,468,1990,455.95
97,1,22,468,1991,475.37
97,1,22,468,1992,498.41
97,1,22,468,1993,529.02
97,1,22,468,1994,575.53
97,1,22,468,1995,605.47
97,1,22,468,1996,629.87
97,1,22,468,1997,643.36
97,1,22,468,1998,669.79
97,1,22,468,1999,703.46
97,1,22,468,2000,743.12
97,1,22,468,2001,791.83
97,1,22,468,2002,839.58
97,1,22,468,2003,852.83
97,1,22,468,2004,889.86
97,1,22,468,2005,931.45
97,1,22,468,2006,1004.23
97,1,22,468,2007,1059.4
97,1,22,468,2008,1091.71
97,1,22,468,2009,1142.8
97,1,22,468,2010,1214.85
97,1,22,468,2011,1313.37
97,1,22,468,2012,1415.47
97,1,22,468,2013,1543.88
97,1,22,468,2014,1653.56
97,1,22,468,2015,1733.41
97,1,22,468,2016,1755.25
97,3,22,468,1990,455.95
97,3,22,468,1991,475.37
97,3,22,468,1992,498.41
97,3,22,468,1993,529.02
97,3,22,468,1994,575.53
97,3,22,468,1995,605.47
97,3,22,468,1996,629.87
97,3,22,468,1997,643.36
97,3,22,468,1998,669.79
97,3,22,468,1999,703.46
97,3,22,468,2000,743.12
97,3,22,468,2001,791.83
97,3,22,468,2002,839.58
97,3,22,468,2003,852.83
97,3,22,468,2004,889.86
97,3,22,468,2005,931.45
97,3,22,468,2006,1004.23
97,3,22,468,2007,1059.4
97,3,22,468,2008,1091.71
97,3,22,468,2009,1142.8
97,3,22,468,2010,1214.85
97,3,22,468,2011,1313.37
97,3,22,468,2012,1415.47
97,3,22,468,2013,1543.88
97,3,22,468,2014,1653.56
97,3,22,468,2015,1733.41
97,3,22,468,2016,1755.25
98,1,22,468,1990,417.5
98,1,22,468,1991,412
98,1,22,468,1992,411.75
98,1,22,468,1993,429.14
98,1,22,468,1994,453.44
98,1,22,468,1995,488.16
98,1,22,468,1996,520.93
98,1,22,468,1997,539.72
98,1,22,468,1998,559.36
98,1,22,468,1999,608.31
98,1,22,468,2000,641.64
98,1,22,468,2001,663.27
98,1,22,468,2002,702.52
98,1,22,468,2003,731.81
98,1,22,468,2004,750.31
98,1,22,468,2005,762.77
98,1,22,468,2006,771.26
98,1,22,468,2007,808.84
98,1,22,468,2008,846.51
98,1,22,468,2009,931.46
98,1,22,468,2010,969.7
98,1,22,468,2011,1001.1
98,1,22,468,2012,1016.96
98,1,22,468,2013,1057.97
98,1,22,468,2014,1133.03
98,1,22,468,2015,1166.79
98,1,22,468,2016,1214.76
98,3,22,468,1990,417.5
98,3,22,468,1991,412
98,3,22,468,1992,411.75
98,3,22,468,1993,429.14
98,3,22,468,1994,453.44
98,3,22,468,1995,488.16
98,3,22,468,1996,520.93
98,3,22,468,1997,539.72
98,3,22,468,1998,559.36
98,3,22,468,1999,608.31
98,3,22,468,2000,641.64
98,3,22,468,2001,663.27
98,3,22,468,2002,702.52
98,3,22,468,2003,731.81
98,3,22,468,2004,750.31
98,3,22,468,2005,762.77
98,3,22,468,2006,771.26
98,3,22,468,2007,808.84
98,3,22,468,2008,846.51
98,3,22,468,2009,931.46
98,3,22,468,2010,969.7
98,3,22,468,2011,1001.1
98,3,22,468,2012,1016.96
98,3,22,468,2013,1057.97
98,3,22,468,2014,1133.03
98,3,22,468,2015,1166.79
98,3,22,468,2016,1214.76
99,1,22,468,1990,46.61
99,1,22,468,1991,46.97
99,1,22,468,1992,47.88
99,1,22,468,1993,49.29
99,1,22,468,1994,51.39
99,1,22,468,1995,52.52
99,1,22,468,1996,53.36
99,1,22,468,1997,53.18
99,1,22,468,1998,65.93
99,1,22,468,1999,64.07
99,1,22,468,2000,58.11
99,1,22,468,2001,55.83
99,1,22,468,2002,57.86
99,1,22,468,2003,57.6
99,1,22,468,2004,59.23
99,1,22,468,2005,56.62
99,1,22,468,2006,57.97
99,1,22,468,2007,53.02
99,1,22,468,2008,58.52
99,1,22,468,2009,63.68
99,1,22,468,2010,69.15
99,1,22,468,2011,68.69
99,1,22,468,2012,69.18
99,1,22,468,2013,71.37
99,1,22,468,2014,78.35
99,1,22,468,2015,78.03
99,1,22,468,2016,79.02
99,3,22,468,1990,46.61
99,3,22,468,1991,46.97
99,3,22,468,1992,47.88
99,3,22,468,1993,49.29
99,3,22,468,1994,51.39
99,3,22,468,1995,52.52
99,3,22,468,1996,53.36
99,3,22,468,1997,53.18
99,3,22,468,1998,65.93
99,3,22,468,1999,64.07
99,3,22,468,2000,58.11
99,3,22,468,2001,55.83
99,3,22,468,2002,57.86
99,3,22,468,2003,57.6
99,3,22,468,2004,59.23
99,3,22,468,2005,56.62
99,3,22,468,2006,57.97
99,3,22,468,2007,53.02
99,3,22,468,2008,58.52
99,3,22,468,2009,63.68
99,3,22,468,2010,69.15
99,3,22,468,2011,68.69
99,3,22,468,2012,69.18
99,3,22,468,2013,71.37
99,3,22,468,2014,78.35
99,3,22,468,2015,78.03
99,3,22,468,2016,79.02
101,1,22,468,1990,674.72
101,1,22,468,1991,679.37
101,1,22,468,1992,692.02
101,1,22,468,1993,703.2
101,1,22,468,1994,735.87
101,1,22,468,1995,757.64
101,1,22,468,1996,789.92
101,1,22,468,1997,802.88
101,1,22,468,1998,802.25
101,1,22,468,1999,817.83
101,1,22,468,2000,823.04
101,1,22,468,2001,820.32
101,1,22,468,2002,837.97
101,1,22,468,2003,880.11
101,1,22,468,2004,892.93
101,1,22,468,2005,903.36
101,1,22,468,2006,861.25
101,1,22,468,2007,872.32
101,1,22,468,2008,898.75
101,1,22,468,2009,921.45
101,1,22,468,2010,988.76
101,1,22,468,2011,1009.62
101,1,22,468,2012,1062.78
101,1,22,468,2013,1047.83
101,1,22,468,2014,1050.07
101,1,22,468,2015,1057.53
101,1,22,468,2016,1066.38
101,3,22,468,1990,674.72
101,3,22,468,1991,679.37
101,3,22,468,1992,692.02
101,3,22,468,1993,703.2
101,3,22,468,1994,735.87
101,3,22,468,1995,757.64
101,3,22,468,1996,789.92
101,3,22,468,1997,802.88
101,3,22,468,1998,802.25
101,3,22,468,1999,817.83
101,3,22,468,2000,823.04
101,3,22,468,2001,820.32
101,3,22,468,2002,837.97
101,3,22,468,2003,880.11
101,3,22,468,2004,892.93
101,3,22,468,2005,903.36
101,3,22,468,2006,861.25
101,3,22,468,2007,872.32
101,3,22,468,2008,898.75
101,3,22,468,2009,921.45
101,3,22,468,2010,988.76
101,3,22,468,2011,1009.62
101,3,22,468,2012,1062.78
101,3,22,468,2013,1047.83
101,3,22,468,2014,1050.07
101,3,22,468,2015,1057.53
101,3,22,468,2016,1066.38
102,1,22,468,1990,7785.15
102,1,22,468,1991,8004.81
102,1,22,468,1992,8151.2
102,1,22,468,1993,8361.12
102,1,22,468,1994,8530.42
102,1,22,468,1995,8592.4
102,1,22,468,1996,8840.24
102,1,22,468,1997,8925.91
102,1,22,468,1998,9199.09
102,1,22,468,1999,9246.9
102,1,22,468,2000,9371.42
102,1,22,468,2001,9666.78
102,1,22,468,2002,9932.02
102,1,22,468,2003,9842.1
102,1,22,468,2004,9984.88
102,1,22,468,2005,9961.81
102,1,22,468,2006,9901.27
102,1,22,468,2007,9981.29
102,1,22,468,2008,10450.58
102,1,22,468,2009,11030.98
102,1,22,468,2010,11614.48
102,1,22,468,2011,11875.73
102,1,22,468,2012,12267.16
102,1,22,468,2013,12524.93
102,1,22,468,2014,13026.52
102,1,22,468,2015,13516.19
102,1,22,468,2016,13608.16
102,3,22,468,1990,7785.15
102,3,22,468,1991,8004.81
102,3,22,468,1992,8151.2
102,3,22,468,1993,8361.12
102,3,22,468,1994,8530.42
102,3,22,468,1995,8592.4
102,3,22,468,1996,8840.24
102,3,22,468,1997,8925.91
102,3,22,468,1998,9199.09
102,3,22,468,1999,9246.9
102,3,22,468,2000,9371.42
102,3,22,468,2001,9666.78
102,3,22,468,2002,9932.02
102,3,22,468,2003,9842.1
102,3,22,468,2004,9984.88
102,3,22,468,2005,9961.81
102,3,22,468,2006,9901.27
102,3,22,468,2007,9981.29
102,3,22,468,2008,10450.58
102,3,22,468,2009,11030.98
102,3,22,468,2010,11614.48
102,3,22,468,2011,11875.73
102,3,22,468,2012,12267.16
102,3,22,468,2013,12524.93
102,3,22,468,2014,13026.52
102,3,22,468,2015,13516.19
102,3,22,468,2016,13608.16
105,1,22,468,1990,0.12
105,1,22,468,1991,0.13
105,1,22,468,1992,0.13
105,1,22,468,1993,0.14
105,1,22,468,1994,0.14
105,1,22,468,1995,0.15
105,1,22,468,1996,0.15
105,1,22,468,1997,0.16
105,1,22,468,1998,0.17
105,1,22,468,1999,0.19
105,1,22,468,2000,0.21
105,1,22,468,2001,0.24
105,1,22,468,2002,0.28
105,1,22,468,2003,0.32
105,1,22,468,2004,0.36
105,1,22,468,2005,0.4
105,1,22,468,2006,0.43
105,1,22,468,2007,0.46
105,1,22,468,2008,0.41
105,1,22,468,2009,0.43
105,1,22,468,2010,0.41
105,1,22,468,2011,0.4
105,1,22,468,2012,0.39
105,1,22,468,2013,0.34
105,1,22,468,2014,0.37
105,1,22,468,2015,0.39
105,1,22,468,2016,0.41
105,3,22,468,1990,0.12
105,3,22,468,1991,0.13
105,3,22,468,1992,0.13
105,3,22,468,1993,0.14
105,3,22,468,1994,0.14
105,3,22,468,1995,0.15
105,3,22,468,1996,0.15
105,3,22,468,1997,0.16
105,3,22,468,1998,0.17
105,3,22,468,1999,0.19
105,3,22,468,2000,0.21
105,3,22,468,2001,0.24
105,3,22,468,2002,0.28
105,3,22,468,2003,0.32
105,3,22,468,2004,0.36
105,3,22,468,2005,0.4
105,3,22,468,2006,0.43
105,3,22,468,2007,0.46
105,3,22,468,2008,0.41
105,3,22,468,2009,0.43
105,3,22,468,2010,0.41
105,3,22,468,2011,0.4
105,3,22,468,2012,0.39
105,3,22,468,2013,0.34
105,3,22,468,2014,0.37
105,3,22,468,2015,0.39
105,3,22,468,2016,0.41
106,1,22,468,1990,0.52
106,1,22,468,1991,0.54
106,1,22,468,1992,0.56
106,1,22,468,1993,0.56
106,1,22,468,1994,0.6
106,1,22,468,1995,0.63
106,1,22,468,1996,0.63
106,1,22,468,1997,0.67
106,1,22,468,1998,0.69
106,1,22,468,1999,0.62
106,1,22,468,2000,0.67
106,1,22,468,2001,0.65
106,1,22,468,2002,0.69
106,1,22,468,2003,0.73
106,1,22,468,2004,0.72
106,1,22,468,2005,0.76
106,1,22,468,2006,0.74
106,1,22,468,2007,0.77
106,1,22,468,2008,0.78
106,1,22,468,2009,0.79
106,1,22,468,2010,0.78
106,1,22,468,2011,0.79
106,1,22,468,2012,0.8
106,1,22,468,2013,0.82
106,1,22,468,2014,0.84
106,1,22,468,2015,0.87
106,1,22,468,2016,0.89
106,3,22,468,1990,0.52
106,3,22,468,1991,0.54
106,3,22,468,1992,0.56
106,3,22,468,1993,0.56
106,3,22,468,1994,0.6
106,3,22,468,1995,0.63
106,3,22,468,1996,0.63
106,3,22,468,1997,0.67
106,3,22,468,1998,0.69
106,3,22,468,1999,0.62
106,3,22,468,2000,0.67
106,3,22,468,2001,0.65
106,3,22,468,2002,0.69
106,3,22,468,2003,0.73
106,3,22,468,2004,0.72
106,3,22,468,2005,0.76
106,3,22,468,2006,0.74
106,3,22,468,2007,0.77
106,3,22,468,2008,0.78
106,3,22,468,2009,0.79
106,3,22,468,2010,0.78
106,3,22,468,2011,0.79
106,3,22,468,2012,0.8
106,3,22,468,2013,0.82
106,3,22,468,2014,0.84
106,3,22,468,2015,0.87
106,3,22,468,2016,0.89
107,1,22,468,1990,0.69
107,1,22,468,1991,0.74
107,1,22,468,1992,0.76
107,1,22,468,1993,0.79
107,1,22,468,1994,0.78
107,1,22,468,1995,0.8
107,1,22,468,1996,0.81
107,1,22,468,1997,0.81
107,1,22,468,1998,0.82
107,1,22,468,1999,0.82
107,1,22,468,2000,0.79
107,1,22,468,2001,0.79
107,1,22,468,2002,0.83
107,1,22,468,2003,0.84
107,1,22,468,2004,0.86
107,1,22,468,2005,0.88
107,1,22,468,2006,0.91
107,1,22,468,2007,0.93
107,1,22,468,2008,0.84
107,1,22,468,2009,0.83
107,1,22,468,2010,0.81
107,1,22,468,2011,0.8
107,1,22,468,2012,0.77
107,1,22,468,2013,0.73
107,1,22,468,2014,0.77
107,1,22,468,2015,0.79
107,1,22,468,2016,0.81
107,3,22,468,1990,0.69
107,3,22,468,1991,0.74
107,3,22,468,1992,0.76
107,3,22,468,1993,0.79
107,3,22,468,1994,0.78
107,3,22,468,1995,0.8
107,3,22,468,1996,0.81
107,3,22,468,1997,0.81
107,3,22,468,1998,0.82
107,3,22,468,1999,0.82
107,3,22,468,2000,0.79
107,3,22,468,2001,0.79
107,3,22,468,2002,0.83
107,3,22,468,2003,0.84
107,3,22,468,2004,0.86
107,3,22,468,2005,0.88
107,3,22,468,2006,0.91
107,3,22,468,2007,0.93
107,3,22,468,2008,0.84
107,3,22,468,2009,0.83
107,3,22,468,2010,0.81
107,3,22,468,2011,0.8
107,3,22,468,2012,0.77
107,3,22,468,2013,0.73
107,3,22,468,2014,0.77
107,3,22,468,2015,0.79
107,3,22,468,2016,0.81
108,1,22,468,1990,0.1
108,1,22,468,1991,0.11
108,1,22,468,1992,0.11
108,1,22,468,1993,0.11
108,1,22,468,1994,0.12
108,1,22,468,1995,0.13
108,1,22,468,1996,0.14
108,1,22,468,1997,0.15
108,1,22,468,1998,0.17
108,1,22,468,1999,0.21
108,1,22,468,2000,0.26
108,1,22,468,2001,0.3
108,1,22,468,2002,0.35
108,1,22,468,2003,0.37
108,1,22,468,2004,0.41
108,1,22,468,2005,0.46
108,1,22,468,2006,0.48
108,1,22,468,2007,0.5
108,1,22,468,2008,0.45
108,1,22,468,2009,0.46
108,1,22,468,2010,0.47
108,1,22,468,2011,0.48
108,1,22,468,2012,0.46
108,1,22,468,2013,0.41
108,1,22,468,2014,0.45
108,1,22,468,2015,0.5
108,1,22,468,2016,0.53
108,3,22,468,1990,0.1
108,3,22,468,1991,0.11
108,3,22,468,1992,0.11
108,3,22,468,1993,0.11
108,3,22,468,1994,0.12
108,3,22,468,1995,0.13
108,3,22,468,1996,0.14
108,3,22,468,1997,0.15
108,3,22,468,1998,0.17
108,3,22,468,1999,0.21
108,3,22,468,2000,0.26
108,3,22,468,2001,0.3
108,3,22,468,2002,0.35
108,3,22,468,2003,0.37
108,3,22,468,2004,0.41
108,3,22,468,2005,0.46
108,3,22,468,2006,0.48
108,3,22,468,2007,0.5
108,3,22,468,2008,0.45
108,3,22,468,2009,0.46
108,3,22,468,2010,0.47
108,3,22,468,2011,0.48
108,3,22,468,2012,0.46
108,3,22,468,2013,0.41
108,3,22,468,2014,0.45
108,3,22,468,2015,0.5
108,3,22,468,2016,0.53
109,1,22,468,1990,75.57
109,1,22,468,1991,80.38
109,1,22,468,1992,82.84
109,1,22,468,1993,81.65
109,1,22,468,1994,79.82
109,1,22,468,1995,77.32
109,1,22,468,1996,73.84
109,1,22,468,1997,67.88
109,1,22,468,1998,66.34
109,1,22,468,1999,62.43
109,1,22,468,2000,60.22
109,1,22,468,2001,60.1
109,1,22,468,2002,55.82
109,1,22,468,2003,54.61
109,1,22,468,2004,61
109,1,22,468,2005,63.39
109,1,22,468,2006,66.14
109,1,22,468,2007,65.87
109,1,22,468,2008,64.59
109,1,22,468,2009,66.77
109,1,22,468,2010,70.75
109,1,22,468,2011,74.09
109,1,22,468,2012,75.91
109,1,22,468,2013,76.96
109,1,22,468,2014,89.52
109,1,22,468,2015,92.77
109,1,22,468,2016,96.33
109,3,22,468,1990,75.57
109,3,22,468,1991,80.38
109,3,22,468,1992,82.84
109,3,22,468,1993,81.65
109,3,22,468,1994,79.82
109,3,22,468,1995,77.32
109,3,22,468,1996,73.84
109,3,22,468,1997,67.88
109,3,22,468,1998,66.34
109,3,22,468,1999,62.43
109,3,22,468,2000,60.22
109,3,22,468,2001,60.1
109,3,22,468,2002,55.82
109,3,22,468,2003,54.61
109,3,22,468,2004,61
109,3,22,468,2005,63.39
109,3,22,468,2006,66.14
109,3,22,468,2007,65.87
109,3,22,468,2008,64.59
109,3,22,468,2009,66.77
109,3,22,468,2010,70.75
109,3,22,468,2011,74.09
109,3,22,468,2012,75.91
109,3,22,468,2013,76.96
109,3,22,468,2014,89.52
109,3,22,468,2015,92.77
109,3,22,468,2016,96.33
110,1,22,468,1990,0.05
110,1,22,468,1991,0.05
110,1,22,468,1992,0.05
110,1,22,468,1993,0.06
110,1,22,468,1994,0.06
110,1,22,468,1995,0.06
110,1,22,468,1996,0.07
110,1,22,468,1997,0.07
110,1,22,468,1998,0.07
110,1,22,468,1999,0.07
110,1,22,468,2000,0.07
110,1,22,468,2001,0.07
110,1,22,468,2002,0.07
110,1,22,468,2003,0.07
110,1,22,468,2004,0.07
110,1,22,468,2005,0.07
110,1,22,468,2006,0.07
110,1,22,468,2007,0.07
110,1,22,468,2008,0.07
110,1,22,468,2009,0.08
110,1,22,468,2010,0.08
110,1,22,468,2011,0.08
110,1,22,468,2012,0.08
110,1,22,468,2013,0.08
110,1,22,468,2014,0.08
110,1,22,468,2015,0.09
110,1,22,468,2016,0.1
110,3,22,468,1990,0.05
110,3,22,468,1991,0.05
110,3,22,468,1992,0.05
110,3,22,468,1993,0.06
110,3,22,468,1994,0.06
110,3,22,468,1995,0.06
110,3,22,468,1996,0.07
110,3,22,468,1997,0.07
110,3,22,468,1998,0.07
110,3,22,468,1999,0.07
110,3,22,468,2000,0.07
110,3,22,468,2001,0.07
110,3,22,468,2002,0.07
110,3,22,468,2003,0.07
110,3,22,468,2004,0.07
110,3,22,468,2005,0.07
110,3,22,468,2006,0.07
110,3,22,468,2007,0.07
110,3,22,468,2008,0.07
110,3,22,468,2009,0.08
110,3,22,468,2010,0.08
110,3,22,468,2011,0.08
110,3,22,468,2012,0.08
110,3,22,468,2013,0.08
110,3,22,468,2014,0.08
110,3,22,468,2015,0.09
110,3,22,468,2016,0.1
111,1,22,468,1990,4.95
111,1,22,468,1991,5.13
111,1,22,468,1992,5.29
111,1,22,468,1993,5.44
111,1,22,468,1994,5.6
111,1,22,468,1995,5.76
111,1,22,468,1996,5.92
111,1,22,468,1997,6.07
111,1,22,468,1998,6.2
111,1,22,468,1999,6.74
111,1,22,468,2000,7.05
111,1,22,468,2001,7.35
111,1,22,468,2002,7.7
111,1,22,468,2003,8.18
111,1,22,468,2004,8.09
111,1,22,468,2005,8.1
111,1,22,468,2006,8.32
111,1,22,468,2007,8.31
111,1,22,468,2008,8.31
111,1,22,468,2009,8.33
111,1,22,468,2010,8.41
111,1,22,468,2011,8.39
111,1,22,468,2012,8.86
111,1,22,468,2013,9.39
111,1,22,468,2014,10.01
111,1,22,468,2015,10.73
111,1,22,468,2016,11.49
111,3,22,468,1990,4.95
111,3,22,468,1991,5.13
111,3,22,468,1992,5.29
111,3,22,468,1993,5.44
111,3,22,468,1994,5.6
111,3,22,468,1995,5.76
111,3,22,468,1996,5.92
111,3,22,468,1997,6.07
111,3,22,468,1998,6.2
111,3,22,468,1999,6.74
111,3,22,468,2000,7.05
111,3,22,468,2001,7.35
111,3,22,468,2002,7.7
111,3,22,468,2003,8.18
111,3,22,468,2004,8.09
111,3,22,468,2005,8.1
111,3,22,468,2006,8.32
111,3,22,468,2007,8.31
111,3,22,468,2008,8.31
111,3,22,468,2009,8.33
111,3,22,468,2010,8.41
111,3,22,468,2011,8.39
111,3,22,468,2012,8.86
111,3,22,468,2013,9.39
111,3,22,468,2014,10.01
111,3,22,468,2015,10.73
111,3,22,468,2016,11.49
112,1,22,468,1990,0.11
112,1,22,468,1991,0.11
112,1,22,468,1992,0.11
112,1,22,468,1993,0.12
112,1,22,468,1994,0.12
112,1,22,468,1995,0.13
112,1,22,468,1996,0.13
112,1,22,468,1997,0.14
112,1,22,468,1998,0.15
112,1,22,468,1999,0.16
112,1,22,468,2000,0.17
112,1,22,468,2001,0.17
112,1,22,468,2002,0.21
112,1,22,468,2003,0.22
112,1,22,468,2004,0.25
112,1,22,468,2005,0.28
112,1,22,468,2006,0.3
112,1,22,468,2007,0.32
112,1,22,468,2008,0.28
112,1,22,468,2009,0.3
112,1,22,468,2010,0.3
112,1,22,468,2011,0.3
112,1,22,468,2012,0.29
112,1,22,468,2013,0.25
112,1,22,468,2014,0.26
112,1,22,468,2015,0.24
112,1,22,468,2016,0.27
112,3,22,468,1990,0.11
112,3,22,468,1991,0.11
112,3,22,468,1992,0.11
112,3,22,468,1993,0.12
112,3,22,468,1994,0.12
112,3,22,468,1995,0.13
112,3,22,468,1996,0.13
112,3,22,468,1997,0.14
112,3,22,468,1998,0.15
112,3,22,468,1999,0.16
112,3,22,468,2000,0.17
112,3,22,468,2001,0.17
112,3,22,468,2002,0.21
112,3,22,468,2003,0.22
112,3,22,468,2004,0.25
112,3,22,468,2005,0.28
112,3,22,468,2006,0.3
112,3,22,468,2007,0.32
112,3,22,468,2008,0.28
112,3,22,468,2009,0.3
112,3,22,468,2010,0.3
112,3,22,468,2011,0.3
112,3,22,468,2012,0.29
112,3,22,468,2013,0.25
112,3,22,468,2014,0.26
112,3,22,468,2015,0.24
112,3,22,468,2016,0.27
113,1,22,468,1990,0.63
113,1,22,468,1991,0.76
113,1,22,468,1992,0.61
113,1,22,468,1993,0.56
113,1,22,468,1994,0.55
113,1,22,468,1995,0.55
113,1,22,468,1996,0.58
113,1,22,468,1997,0.65
113,1,22,468,1998,0.71
113,1,22,468,1999,0.79
113,1,22,468,2000,0.89
113,1,22,468,2001,0.92
113,1,22,468,2002,1.08
113,1,22,468,2003,1.23
113,1,22,468,2004,1.38
113,1,22,468,2005,1.53
113,1,22,468,2006,1.63
113,1,22,468,2007,1.74
113,1,22,468,2008,1.57
113,1,22,468,2009,1.68
113,1,22,468,2010,1.79
113,1,22,468,2011,1.91
113,1,22,468,2012,1.96
113,1,22,468,2013,2.1
113,1,22,468,2014,2.24
113,1,22,468,2015,2.41
113,1,22,468,2016,2.47
113,3,22,468,1990,0.63
113,3,22,468,1991,0.76
113,3,22,468,1992,0.61
113,3,22,468,1993,0.56
113,3,22,468,1994,0.55
113,3,22,468,1995,0.55
113,3,22,468,1996,0.58
113,3,22,468,1997,0.65
113,3,22,468,1998,0.71
113,3,22,468,1999,0.79
113,3,22,468,2000,0.89
113,3,22,468,2001,0.92
113,3,22,468,2002,1.08
113,3,22,468,2003,1.23
113,3,22,468,2004,1.38
113,3,22,468,2005,1.53
113,3,22,468,2006,1.63
113,3,22,468,2007,1.74
113,3,22,468,2008,1.57
113,3,22,468,2009,1.68
113,3,22,468,2010,1.79
113,3,22,468,2011,1.91
113,3,22,468,2012,1.96
113,3,22,468,2013,2.1
113,3,22,468,2014,2.24
113,3,22,468,2015,2.41
113,3,22,468,2016,2.47
114,1,22,468,1990,8.09
114,1,22,468,1991,8.28
114,1,22,468,1992,8.4
114,1,22,468,1993,8.65
114,1,22,468,1994,8.64
114,1,22,468,1995,8.91
114,1,22,468,1996,8.8
114,1,22,468,1997,8.88
114,1,22,468,1998,8.99
114,1,22,468,1999,9.19
114,1,22,468,2000,9.37
114,1,22,468,2001,9.46
114,1,22,468,2002,9.53
114,1,22,468,2003,9.73
114,1,22,468,2004,9.86
114,1,22,468,2005,10.14
114,1,22,468,2006,10.4
114,1,22,468,2007,10.65
114,1,22,468,2008,10.92
114,1,22,468,2009,11.21
114,1,22,468,2010,11.59
114,1,22,468,2011,11.96
114,1,22,468,2012,12.3
114,1,22,468,2013,12.65
114,1,22,468,2014,12.98
114,1,22,468,2015,13.28
114,1,22,468,2016,13.54
114,3,22,468,1990,8.09
114,3,22,468,1991,8.28
114,3,22,468,1992,8.4
114,3,22,468,1993,8.65
114,3,22,468,1994,8.64
114,3,22,468,1995,8.91
114,3,22,468,1996,8.8
114,3,22,468,1997,8.88
114,3,22,468,1998,8.99
114,3,22,468,1999,9.19
114,3,22,468,2000,9.37
114,3,22,468,2001,9.46
114,3,22,468,2002,9.53
114,3,22,468,2003,9.73
114,3,22,468,2004,9.86
114,3,22,468,2005,10.14
114,3,22,468,2006,10.4
114,3,22,468,2007,10.65
114,3,22,468,2008,10.92
114,3,22,468,2009,11.21
114,3,22,468,2010,11.59
114,3,22,468,2011,11.96
114,3,22,468,2012,12.3
114,3,22,468,2013,12.65
114,3,22,468,2014,12.98
114,3,22,468,2015,13.28
114,3,22,468,2016,13.54
115,1,22,468,1990,2.56
115,1,22,468,1991,2.63
115,1,22,468,1992,2.76
115,1,22,468,1993,2.89
115,1,22,468,1994,3.04
115,1,22,468,1995,3.2
115,1,22,468,1996,3.39
115,1,22,468,1997,3.58
115,1,22,468,1998,3.79
115,1,22,468,1999,4.02
115,1,22,468,2000,4.17
115,1,22,468,2001,4.25
115,1,22,468,2002,4.65
115,1,22,468,2003,4.74
115,1,22,468,2004,5.07
115,1,22,468,2005,5.75
115,1,22,468,2006,5.87
115,1,22,468,2007,5.86
115,1,22,468,2008,5.97
115,1,22,468,2009,6.12
115,1,22,468,2010,6.3
115,1,22,468,2011,6.25
115,1,22,468,2012,6.58
115,1,22,468,2013,6.83
115,1,22,468,2014,7.09
115,1,22,468,2015,7.33
115,1,22,468,2016,7.51
115,3,22,468,1990,2.56
115,3,22,468,1991,2.63
115,3,22,468,1992,2.76
115,3,22,468,1993,2.89
115,3,22,468,1994,3.04
115,3,22,468,1995,3.2
115,3,22,468,1996,3.39
115,3,22,468,1997,3.58
115,3,22,468,1998,3.79
115,3,22,468,1999,4.02
115,3,22,468,2000,4.17
115,3,22,468,2001,4.25
115,3,22,468,2002,4.65
115,3,22,468,2003,4.74
115,3,22,468,2004,5.07
115,3,22,468,2005,5.75
115,3,22,468,2006,5.87
115,3,22,468,2007,5.86
115,3,22,468,2008,5.97
115,3,22,468,2009,6.12
115,3,22,468,2010,6.3
115,3,22,468,2011,6.25
115,3,22,468,2012,6.58
115,3,22,468,2013,6.83
115,3,22,468,2014,7.09
115,3,22,468,2015,7.33
115,3,22,468,2016,7.51
116,1,22,468,1990,0.21
116,1,22,468,1991,0.22
116,1,22,468,1992,0.23
116,1,22,468,1993,0.24
116,1,22,468,1994,0.25
116,1,22,468,1995,0.26
116,1,22,468,1996,0.26
116,1,22,468,1997,0.24
116,1,22,468,1998,0.3
116,1,22,468,1999,0.4
116,1,22,468,2000,0.5
116,1,22,468,2001,0.61
116,1,22,468,2002,0.76
116,1,22,468,2003,0.87
116,1,22,468,2004,1.04
116,1,22,468,2005,1.18
116,1,22,468,2006,1.25
116,1,22,468,2007,1.21
116,1,22,468,2008,1.19
116,1,22,468,2009,1.28
116,1,22,468,2010,1.31
116,1,22,468,2011,1.32
116,1,22,468,2012,1.21
116,1,22,468,2013,0.99
116,1,22,468,2014,1.16
116,1,22,468,2015,1.29
116,1,22,468,2016,1.35
116,3,22,468,1990,0.21
116,3,22,468,1991,0.22
116,3,22,468,1992,0.23
116,3,22,468,1993,0.24
116,3,22,468,1994,0.25
116,3,22,468,1995,0.26
116,3,22,468,1996,0.26
116,3,22,468,1997,0.24
116,3,22,468,1998,0.3
116,3,22,468,1999,0.4
116,3,22,468,2000,0.5
116,3,22,468,2001,0.61
116,3,22,468,2002,0.76
116,3,22,468,2003,0.87
116,3,22,468,2004,1.04
116,3,22,468,2005,1.18
116,3,22,468,2006,1.25
116,3,22,468,2007,1.21
116,3,22,468,2008,1.19
116,3,22,468,2009,1.28
116,3,22,468,2010,1.31
116,3,22,468,2011,1.32
116,3,22,468,2012,1.21
116,3,22,468,2013,0.99
116,3,22,468,2014,1.16
116,3,22,468,2015,1.29
116,3,22,468,2016,1.35
117,1,22,468,1990,0.08
117,1,22,468,1991,0.09
117,1,22,468,1992,0.1
117,1,22,468,1993,0.11
117,1,22,468,1994,0.12
117,1,22,468,1995,0.13
117,1,22,468,1996,0.14
117,1,22,468,1997,0.15
117,1,22,468,1998,0.16
117,1,22,468,1999,0.16
117,1,22,468,2000,0.15
117,1,22,468,2001,0.16
117,1,22,468,2002,0.18
117,1,22,468,2003,0.19
117,1,22,468,2004,0.2
117,1,22,468,2005,0.22
117,1,22,468,2006,0.22
117,1,22,468,2007,0.23
117,1,22,468,2008,0.2
117,1,22,468,2009,0.2
117,1,22,468,2010,0.2
117,1,22,468,2011,0.2
117,1,22,468,2012,0.18
117,1,22,468,2013,0.16
117,1,22,468,2014,0.16
117,1,22,468,2015,0.14
117,1,22,468,2016,0.16
117,3,22,468,1990,0.08
117,3,22,468,1991,0.09
117,3,22,468,1992,0.1
117,3,22,468,1993,0.11
117,3,22,468,1994,0.12
117,3,22,468,1995,0.13
117,3,22,468,1996,0.14
117,3,22,468,1997,0.15
117,3,22,468,1998,0.16
117,3,22,468,1999,0.16
117,3,22,468,2000,0.15
117,3,22,468,2001,0.16
117,3,22,468,2002,0.18
117,3,22,468,2003,0.19
117,3,22,468,2004,0.2
117,3,22,468,2005,0.22
117,3,22,468,2006,0.22
117,3,22,468,2007,0.23
117,3,22,468,2008,0.2
117,3,22,468,2009,0.2
117,3,22,468,2010,0.2
117,3,22,468,2011,0.2
117,3,22,468,2012,0.18
117,3,22,468,2013,0.16
117,3,22,468,2014,0.16
117,3,22,468,2015,0.14
117,3,22,468,2016,0.16
118,1,22,468,1990,0.64
118,1,22,468,1991,0.65
118,1,22,468,1992,0.67
118,1,22,468,1993,0.69
118,1,22,468,1994,0.69
118,1,22,468,1995,0.68
118,1,22,468,1996,0.69
118,1,22,468,1997,0.7
118,1,22,468,1998,0.71
118,1,22,468,1999,0.82
118,1,22,468,2000,0.95
118,1,22,468,2001,1.1
118,1,22,468,2002,1.3
118,1,22,468,2003,1.48
118,1,22,468,2004,1.64
118,1,22,468,2005,1.79
118,1,22,468,2006,1.91
118,1,22,468,2007,1.95
118,1,22,468,2008,1.98
118,1,22,468,2009,2.08
118,1,22,468,2010,2.16
118,1,22,468,2011,2.18
118,1,22,468,2012,2.14
118,1,22,468,2013,2.03
118,1,22,468,2014,2.12
118,1,22,468,2015,2.19
118,1,22,468,2016,2.26
118,3,22,468,1990,0.64
118,3,22,468,1991,0.65
118,3,22,468,1992,0.67
118,3,22,468,1993,0.69
118,3,22,468,1994,0.69
118,3,22,468,1995,0.68
118,3,22,468,1996,0.69
118,3,22,468,1997,0.7
118,3,22,468,1998,0.71
118,3,22,468,1999,0.82
118,3,22,468,2000,0.95
118,3,22,468,2001,1.1
118,3,22,468,2002,1.3
118,3,22,468,2003,1.48
118,3,22,468,2004,1.64
118,3,22,468,2005,1.79
118,3,22,468,2006,1.91
118,3,22,468,2007,1.95
118,3,22,468,2008,1.98
118,3,22,468,2009,2.08
118,3,22,468,2010,2.16
118,3,22,468,2011,2.18
118,3,22,468,2012,2.14
118,3,22,468,2013,2.03
118,3,22,468,2014,2.12
118,3,22,468,2015,2.19
118,3,22,468,2016,2.26
119,1,22,468,1990,3.89
119,1,22,468,1991,4.01
119,1,22,468,1992,4.01
119,1,22,468,1993,4.08
119,1,22,468,1994,4.06
119,1,22,468,1995,4.16
119,1,22,468,1996,4.12
119,1,22,468,1997,4.11
119,1,22,468,1998,4.3
119,1,22,468,1999,4.61
119,1,22,468,2000,3.96
119,1,22,468,2001,5.9
119,1,22,468,2002,6.58
119,1,22,468,2003,7.99
119,1,22,468,2004,9.05
119,1,22,468,2005,10.12
119,1,22,468,2006,9.65
119,1,22,468,2007,10.62
119,1,22,468,2008,9.13
119,1,22,468,2009,10.06
119,1,22,468,2010,10.92
119,1,22,468,2011,10.62
119,1,22,468,2012,10.29
119,1,22,468,2013,10.02
119,1,22,468,2014,9.78
119,1,22,468,2015,9.54
119,1,22,468,2016,9.4
119,3,22,468,1990,3.89
119,3,22,468,1991,4.01
119,3,22,468,1992,4.01
119,3,22,468,1993,4.08
119,3,22,468,1994,4.06
119,3,22,468,1995,4.16
119,3,22,468,1996,4.12
119,3,22,468,1997,4.11
119,3,22,468,1998,4.3
119,3,22,468,1999,4.61
119,3,22,468,2000,3.96
119,3,22,468,2001,5.9
119,3,22,468,2002,6.58
119,3,22,468,2003,7.99
119,3,22,468,2004,9.05
119,3,22,468,2005,10.12
119,3,22,468,2006,9.65
119,3,22,468,2007,10.62
119,3,22,468,2008,9.13
119,3,22,468,2009,10.06
119,3,22,468,2010,10.92
119,3,22,468,2011,10.62
119,3,22,468,2012,10.29
119,3,22,468,2013,10.02
119,3,22,468,2014,9.78
119,3,22,468,2015,9.54
119,3,22,468,2016,9.4
121,1,22,468,1990,39.61
121,1,22,468,1991,39.77
121,1,22,468,1992,39.98
121,1,22,468,1993,40.34
121,1,22,468,1994,40.42
121,1,22,468,1995,41.15
121,1,22,468,1996,41.42
121,1,22,468,1997,42.35
121,1,22,468,1998,43.03
121,1,22,468,1999,43.08
121,1,22,468,2000,43.1
121,1,22,468,2001,43.05
121,1,22,468,2002,43.49
121,1,22,468,2003,43.97
121,1,22,468,2004,44.5
121,1,22,468,2005,45.47
121,1,22,468,2006,46.73
121,1,22,468,2007,48.04
121,1,22,468,2008,49.71
121,1,22,468,2009,51.51
121,1,22,468,2010,53.56
121,1,22,468,2011,55.62
121,1,22,468,2012,57.96
121,1,22,468,2013,60.56
121,1,22,468,2014,63.39
121,1,22,468,2015,66.55
121,1,22,468,2016,69.22
121,3,22,468,1990,39.61
121,3,22,468,1991,39.77
121,3,22,468,1992,39.98
121,3,22,468,1993,40.34
121,3,22,468,1994,40.42
121,3,22,468,1995,41.15
121,3,22,468,1996,41.42
121,3,22,468,1997,42.35
121,3,22,468,1998,43.03
121,3,22,468,1999,43.08
121,3,22,468,2000,43.1
121,3,22,468,2001,43.05
121,3,22,468,2002,43.49
121,3,22,468,2003,43.97
121,3,22,468,2004,44.5
121,3,22,468,2005,45.47
121,3,22,468,2006,46.73
121,3,22,468,2007,48.04
121,3,22,468,2008,49.71
121,3,22,468,2009,51.51
121,3,22,468,2010,53.56
121,3,22,468,2011,55.62
121,3,22,468,2012,57.96
121,3,22,468,2013,60.56
121,3,22,468,2014,63.39
121,3,22,468,2015,66.55
121,3,22,468,2016,69.22
122,1,22,468,1990,52.84
122,1,22,468,1991,56.64
122,1,22,468,1992,60.27
122,1,22,468,1993,63.11
122,1,22,468,1994,65.78
122,1,22,468,1995,69.33
122,1,22,468,1996,72.06
122,1,22,468,1997,72.92
122,1,22,468,1998,76.56
122,1,22,468,1999,78.08
122,1,22,468,2000,76.01
122,1,22,468,2001,73.95
122,1,22,468,2002,70.26
122,1,22,468,2003,71.83
122,1,22,468,2004,74.32
122,1,22,468,2005,74.41
122,1,22,468,2006,77.62
122,1,22,468,2007,81.26
122,1,22,468,2008,84.87
122,1,22,468,2009,84.95
122,1,22,468,2010,84.84
122,1,22,468,2011,87.58
122,1,22,468,2012,89.77
122,1,22,468,2013,99.8
122,1,22,468,2014,104.44
122,1,22,468,2015,106.85
122,1,22,468,2016,109.63
122,3,22,468,1990,52.84
122,3,22,468,1991,56.64
122,3,22,468,1992,60.27
122,3,22,468,1993,63.11
122,3,22,468,1994,65.78
122,3,22,468,1995,69.33
122,3,22,468,1996,72.06
122,3,22,468,1997,72.92
122,3,22,468,1998,76.56
122,3,22,468,1999,78.08
122,3,22,468,2000,76.01
122,3,22,468,2001,73.95
122,3,22,468,2002,70.26
122,3,22,468,2003,71.83
122,3,22,468,2004,74.32
122,3,22,468,2005,74.41
122,3,22,468,2006,77.62
122,3,22,468,2007,81.26
122,3,22,468,2008,84.87
122,3,22,468,2009,84.95
122,3,22,468,2010,84.84
122,3,22,468,2011,87.58
122,3,22,468,2012,89.77
122,3,22,468,2013,99.8
122,3,22,468,2014,104.44
122,3,22,468,2015,106.85
122,3,22,468,2016,109.63
123,1,22,468,1990,98.11
123,1,22,468,1991,103.16
123,1,22,468,1992,110.03
123,1,22,468,1993,118.3
123,1,22,468,1994,127.16
123,1,22,468,1995,135.19
123,1,22,468,1996,141.45
123,1,22,468,1997,147.69
123,1,22,468,1998,152.8
123,1,22,468,1999,151.33
123,1,22,468,2000,152.56
123,1,22,468,2001,151.52
123,1,22,468,2002,150.2
123,1,22,468,2003,147.55
123,1,22,468,2004,146.42
123,1,22,468,2005,147.61
123,1,22,468,2006,149.83
123,1,22,468,2007,153.68
123,1,22,468,2008,157.29
123,1,22,468,2009,163.73
123,1,22,468,2010,172.64
123,1,22,468,2011,174.69
123,1,22,468,2012,176.03
123,1,22,468,2013,179.13
123,1,22,468,2014,178.72
123,1,22,468,2015,181.1
123,1,22,468,2016,183.5
123,3,22,468,1990,98.11
123,3,22,468,1991,103.16
123,3,22,468,1992,110.03
123,3,22,468,1993,118.3
123,3,22,468,1994,127.16
123,3,22,468,1995,135.19
123,3,22,468,1996,141.45
123,3,22,468,1997,147.69
123,3,22,468,1998,152.8
123,3,22,468,1999,151.33
123,3,22,468,2000,152.56
123,3,22,468,2001,151.52
123,3,22,468,2002,150.2
123,3,22,468,2003,147.55
123,3,22,468,2004,146.42
123,3,22,468,2005,147.61
123,3,22,468,2006,149.83
123,3,22,468,2007,153.68
123,3,22,468,2008,157.29
123,3,22,468,2009,163.73
123,3,22,468,2010,172.64
123,3,22,468,2011,174.69
123,3,22,468,2012,176.03
123,3,22,468,2013,179.13
123,3,22,468,2014,178.72
123,3,22,468,2015,181.1
123,3,22,468,2016,183.5
125,1,22,468,1990,116.61
125,1,22,468,1991,125.48
125,1,22,468,1992,134.76
125,1,22,468,1993,133
125,1,22,468,1994,138.34
125,1,22,468,1995,144.56
125,1,22,468,1996,155.57
125,1,22,468,1997,161.99
125,1,22,468,1998,178.06
125,1,22,468,1999,198.15
125,1,22,468,2000,213.63
125,1,22,468,2001,226.09
125,1,22,468,2002,235.87
125,1,22,468,2003,228.04
125,1,22,468,2004,235.69
125,1,22,468,2005,232.14
125,1,22,468,2006,245.08
125,1,22,468,2007,252.45
125,1,22,468,2008,268.87
125,1,22,468,2009,300.84
125,1,22,468,2010,311.99
125,1,22,468,2011,329.13
125,1,22,468,2012,360.08
125,1,22,468,2013,365.92
125,1,22,468,2014,372.83
125,1,22,468,2015,385.99
125,1,22,468,2016,397.53
125,3,22,468,1990,116.61
125,3,22,468,1991,125.48
125,3,22,468,1992,134.76
125,3,22,468,1993,133
125,3,22,468,1994,138.34
125,3,22,468,1995,144.56
125,3,22,468,1996,155.57
125,3,22,468,1997,161.99
125,3,22,468,1998,178.06
125,3,22,468,1999,198.15
125,3,22,468,2000,213.63
125,3,22,468,2001,226.09
125,3,22,468,2002,235.87
125,3,22,468,2003,228.04
125,3,22,468,2004,235.69
125,3,22,468,2005,232.14
125,3,22,468,2006,245.08
125,3,22,468,2007,252.45
125,3,22,468,2008,268.87
125,3,22,468,2009,300.84
125,3,22,468,2010,311.99
125,3,22,468,2011,329.13
125,3,22,468,2012,360.08
125,3,22,468,2013,365.92
125,3,22,468,2014,372.83
125,3,22,468,2015,385.99
125,3,22,468,2016,397.53
126,1,22,468,1990,12.41
126,1,22,468,1991,12.88
126,1,22,468,1992,13.62
126,1,22,468,1993,14.4
126,1,22,468,1994,15.21
126,1,22,468,1995,15.72
126,1,22,468,1996,16.01
126,1,22,468,1997,14.9
126,1,22,468,1998,19.58
126,1,22,468,1999,19.35
126,1,22,468,2000,24.62
126,1,22,468,2001,25
126,1,22,468,2002,26.6
126,1,22,468,2003,25.68
126,1,22,468,2004,34.43
126,1,22,468,2005,37.56
126,1,22,468,2006,41.54
126,1,22,468,2007,44.84
126,1,22,468,2008,49.44
126,1,22,468,2009,51.32
126,1,22,468,2010,54.11
126,1,22,468,2011,59.01
126,1,22,468,2012,60.26
126,1,22,468,2013,64.91
126,1,22,468,2014,69.45
126,1,22,468,2015,72.1
126,1,22,468,2016,73.77
126,3,22,468,1990,12.41
126,3,22,468,1991,12.88
126,3,22,468,1992,13.62
126,3,22,468,1993,14.4
126,3,22,468,1994,15.21
126,3,22,468,1995,15.72
126,3,22,468,1996,16.01
126,3,22,468,1997,14.9
126,3,22,468,1998,19.58
126,3,22,468,1999,19.35
126,3,22,468,2000,24.62
126,3,22,468,2001,25
126,3,22,468,2002,26.6
126,3,22,468,2003,25.68
126,3,22,468,2004,34.43
126,3,22,468,2005,37.56
126,3,22,468,2006,41.54
126,3,22,468,2007,44.84
126,3,22,468,2008,49.44
126,3,22,468,2009,51.32
126,3,22,468,2010,54.11
126,3,22,468,2011,59.01
126,3,22,468,2012,60.26
126,3,22,468,2013,64.91
126,3,22,468,2014,69.45
126,3,22,468,2015,72.1
126,3,22,468,2016,73.77
127,1,22,468,1990,3.29
127,1,22,468,1991,3.29
127,1,22,468,1992,3.33
127,1,22,468,1993,3.47
127,1,22,468,1994,3.7
127,1,22,468,1995,3.91
127,1,22,468,1996,4.19
127,1,22,468,1997,4.7
127,1,22,468,1998,5.31
127,1,22,468,1999,5.55
127,1,22,468,2000,5.85
127,1,22,468,2001,6.27
127,1,22,468,2002,6.83
127,1,22,468,2003,7.3
127,1,22,468,2004,7.87
127,1,22,468,2005,8.71
127,1,22,468,2006,9.52
127,1,22,468,2007,10.15
127,1,22,468,2008,10.65
127,1,22,468,2009,11.44
127,1,22,468,2010,12.22
127,1,22,468,2011,12.99
127,1,22,468,2012,13.95
127,1,22,468,2013,13.82
127,1,22,468,2014,14.65
127,1,22,468,2015,15.63
127,1,22,468,2016,16.39
127,3,22,468,1990,3.29
127,3,22,468,1991,3.29
127,3,22,468,1992,3.33
127,3,22,468,1993,3.47
127,3,22,468,1994,3.7
127,3,22,468,1995,3.91
127,3,22,468,1996,4.19
127,3,22,468,1997,4.7
127,3,22,468,1998,5.31
127,3,22,468,1999,5.55
127,3,22,468,2000,5.85
127,3,22,468,2001,6.27
127,3,22,468,2002,6.83
127,3,22,468,2003,7.3
127,3,22,468,2004,7.87
127,3,22,468,2005,8.71
127,3,22,468,2006,9.52
127,3,22,468,2007,10.15
127,3,22,468,2008,10.65
127,3,22,468,2009,11.44
127,3,22,468,2010,12.22
127,3,22,468,2011,12.99
127,3,22,468,2012,13.95
127,3,22,468,2013,13.82
127,3,22,468,2014,14.65
127,3,22,468,2015,15.63
127,3,22,468,2016,16.39
128,1,22,468,1990,19.42
128,1,22,468,1991,20.2
128,1,22,468,1992,20.76
128,1,22,468,1993,21.01
128,1,22,468,1994,21.54
128,1,22,468,1995,22.07
128,1,22,468,1996,22.54
128,1,22,468,1997,23.26
128,1,22,468,1998,23.94
128,1,22,468,1999,24.69
128,1,22,468,2000,26.77
128,1,22,468,2001,24.22
128,1,22,468,2002,27.57
128,1,22,468,2003,31.2
128,1,22,468,2004,31.58
128,1,22,468,2005,32.92
128,1,22,468,2006,34.24
128,1,22,468,2007,36.4
128,1,22,468,2008,39.91
128,1,22,468,2009,42.13
128,1,22,468,2010,46.22
128,1,22,468,2011,49.27
128,1,22,468,2012,51.29
128,1,22,468,2013,51.84
128,1,22,468,2014,54.28
128,1,22,468,2015,54.78
128,1,22,468,2016,56.96
128,3,22,468,1990,19.42
128,3,22,468,1991,20.2
128,3,22,468,1992,20.76
128,3,22,468,1993,21.01
128,3,22,468,1994,21.54
128,3,22,468,1995,22.07
128,3,22,468,1996,22.54
128,3,22,468,1997,23.26
128,3,22,468,1998,23.94
128,3,22,468,1999,24.69
128,3,22,468,2000,26.77
128,3,22,468,2001,24.22
128,3,22,468,2002,27.57
128,3,22,468,2003,31.2
128,3,22,468,2004,31.58
128,3,22,468,2005,32.92
128,3,22,468,2006,34.24
128,3,22,468,2007,36.4
128,3,22,468,2008,39.91
128,3,22,468,2009,42.13
128,3,22,468,2010,46.22
128,3,22,468,2011,49.27
128,3,22,468,2012,51.29
128,3,22,468,2013,51.84
128,3,22,468,2014,54.28
128,3,22,468,2015,54.78
128,3,22,468,2016,56.96
129,1,22,468,1990,3.13
129,1,22,468,1991,3.19
129,1,22,468,1992,3.27
129,1,22,468,1993,3.36
129,1,22,468,1994,3.47
129,1,22,468,1995,3.58
129,1,22,468,1996,3.7
129,1,22,468,1997,3.83
129,1,22,468,1998,3.97
129,1,22,468,1999,4.16
129,1,22,468,2000,4.34
129,1,22,468,2001,4.52
129,1,22,468,2002,4.71
129,1,22,468,2003,4.9
129,1,22,468,2004,5.11
129,1,22,468,2005,5.32
129,1,22,468,2006,5.51
129,1,22,468,2007,5.7
129,1,22,468,2008,5.9
129,1,22,468,2009,6.09
129,1,22,468,2010,6.3
129,1,22,468,2011,6.51
129,1,22,468,2012,6.73
129,1,22,468,2013,6.97
129,1,22,468,2014,7.22
129,1,22,468,2015,7.48
129,1,22,468,2016,7.75
129,3,22,468,1990,3.13
129,3,22,468,1991,3.19
129,3,22,468,1992,3.27
129,3,22,468,1993,3.36
129,3,22,468,1994,3.47
129,3,22,468,1995,3.58
129,3,22,468,1996,3.7
129,3,22,468,1997,3.83
129,3,22,468,1998,3.97
129,3,22,468,1999,4.16
129,3,22,468,2000,4.34
129,3,22,468,2001,4.52
129,3,22,468,2002,4.71
129,3,22,468,2003,4.9
129,3,22,468,2004,5.11
129,3,22,468,2005,5.32
129,3,22,468,2006,5.51
129,3,22,468,2007,5.7
129,3,22,468,2008,5.9
129,3,22,468,2009,6.09
129,3,22,468,2010,6.3
129,3,22,468,2011,6.51
129,3,22,468,2012,6.73
129,3,22,468,2013,6.97
129,3,22,468,2014,7.22
129,3,22,468,2015,7.48
129,3,22,468,2016,7.75
130,1,22,468,1990,528.21
130,1,22,468,1991,565.43
130,1,22,468,1992,624.62
130,1,22,468,1993,677.82
130,1,22,468,1994,728.86
130,1,22,468,1995,816.88
130,1,22,468,1996,897.14
130,1,22,468,1997,1004.72
130,1,22,468,1998,1105.01
130,1,22,468,1999,1147.68
130,1,22,468,2000,1224.74
130,1,22,468,2001,1274.19
130,1,22,468,2002,1367.63
130,1,22,468,2003,1456.3
130,1,22,468,2004,1531.49
130,1,22,468,2005,1673.36
130,1,22,468,2006,1797.72
130,1,22,468,2007,1933.86
130,1,22,468,2008,2165.55
130,1,22,468,2009,2415.06
130,1,22,468,2010,2631.96
130,1,22,468,2011,2855.79
130,1,22,468,2012,3080
130,1,22,468,2013,3330.44
130,1,22,468,2014,3551.79
130,1,22,468,2015,3729.96
130,1,22,468,2016,3848.82
130,3,22,468,1990,528.21
130,3,22,468,1991,565.43
130,3,22,468,1992,624.62
130,3,22,468,1993,677.82
130,3,22,468,1994,728.86
130,3,22,468,1995,816.88
130,3,22,468,1996,897.14
130,3,22,468,1997,1004.72
130,3,22,468,1998,1105.01
130,3,22,468,1999,1147.68
130,3,22,468,2000,1224.74
130,3,22,468,2001,1274.19
130,3,22,468,2002,1367.63
130,3,22,468,2003,1456.3
130,3,22,468,2004,1531.49
130,3,22,468,2005,1673.36
130,3,22,468,2006,1797.72
130,3,22,468,2007,1933.86
130,3,22,468,2008,2165.55
130,3,22,468,2009,2415.06
130,3,22,468,2010,2631.96
130,3,22,468,2011,2855.79
130,3,22,468,2012,3080
130,3,22,468,2013,3330.44
130,3,22,468,2014,3551.79
130,3,22,468,2015,3729.96
130,3,22,468,2016,3848.82
131,1,22,468,1990,5.33
131,1,22,468,1991,5.43
131,1,22,468,1992,5.7
131,1,22,468,1993,6.02
131,1,22,468,1994,6.31
131,1,22,468,1995,6.43
131,1,22,468,1996,6.49
131,1,22,468,1997,6.69
131,1,22,468,1998,6.97
131,1,22,468,1999,7.43
131,1,22,468,2000,7.83
131,1,22,468,2001,8.63
131,1,22,468,2002,9.14
131,1,22,468,2003,9.62
131,1,22,468,2004,10.18
131,1,22,468,2005,10.73
131,1,22,468,2006,10.89
131,1,22,468,2007,11.85
131,1,22,468,2008,13.06
131,1,22,468,2009,14.43
131,1,22,468,2010,15.47
131,1,22,468,2011,16.71
131,1,22,468,2012,18.47
131,1,22,468,2013,20.3
131,1,22,468,2014,20.91
131,1,22,468,2015,21.54
131,1,22,468,2016,22.07
131,3,22,468,1990,5.33
131,3,22,468,1991,5.43
131,3,22,468,1992,5.7
131,3,22,468,1993,6.02
131,3,22,468,1994,6.31
131,3,22,468,1995,6.43
131,3,22,468,1996,6.49
131,3,22,468,1997,6.69
131,3,22,468,1998,6.97
131,3,22,468,1999,7.43
131,3,22,468,2000,7.83
131,3,22,468,2001,8.63
131,3,22,468,2002,9.14
131,3,22,468,2003,9.62
131,3,22,468,2004,10.18
131,3,22,468,2005,10.73
131,3,22,468,2006,10.89
131,3,22,468,2007,11.85
131,3,22,468,2008,13.06
131,3,22,468,2009,14.43
131,3,22,468,2010,15.47
131,3,22,468,2011,16.71
131,3,22,468,2012,18.47
131,3,22,468,2013,20.3
131,3,22,468,2014,20.91
131,3,22,468,2015,21.54
131,3,22,468,2016,22.07
132,1,22,468,1990,8.86
132,1,22,468,1991,9.53
132,1,22,468,1992,10.29
132,1,22,468,1993,11
132,1,22,468,1994,11.55
132,1,22,468,1995,11.94
132,1,22,468,1996,12.19
132,1,22,468,1997,12.49
132,1,22,468,1998,11.3
132,1,22,468,1999,14.67
132,1,22,468,2000,15.73
132,1,22,468,2001,15.48
132,1,22,468,2002,15.43
132,1,22,468,2003,16.44
132,1,22,468,2004,16.21
132,1,22,468,2005,16.23
132,1,22,468,2006,19.79
132,1,22,468,2007,21.69
132,1,22,468,2008,20.92
132,1,22,468,2009,19.01
132,1,22,468,2010,21.82
132,1,22,468,2011,27.1
132,1,22,468,2012,29.04
132,1,22,468,2013,30.29
132,1,22,468,2014,34.75
132,1,22,468,2015,37.49
132,1,22,468,2016,40.01
132,3,22,468,1990,8.86
132,3,22,468,1991,9.53
132,3,22,468,1992,10.29
132,3,22,468,1993,11
132,3,22,468,1994,11.55
132,3,22,468,1995,11.94
132,3,22,468,1996,12.19
132,3,22,468,1997,12.49
132,3,22,468,1998,11.3
132,3,22,468,1999,14.67
132,3,22,468,2000,15.73
132,3,22,468,2001,15.48
132,3,22,468,2002,15.43
132,3,22,468,2003,16.44
132,3,22,468,2004,16.21
132,3,22,468,2005,16.23
132,3,22,468,2006,19.79
132,3,22,468,2007,21.69
132,3,22,468,2008,20.92
132,3,22,468,2009,19.01
132,3,22,468,2010,21.82
132,3,22,468,2011,27.1
132,3,22,468,2012,29.04
132,3,22,468,2013,30.29
132,3,22,468,2014,34.75
132,3,22,468,2015,37.49
132,3,22,468,2016,40.01
133,1,22,468,1990,21.09
133,1,22,468,1991,24.59
133,1,22,468,1992,28.36
133,1,22,468,1993,32.98
133,1,22,468,1994,38.13
133,1,22,468,1995,50.87
133,1,22,468,1996,66.93
133,1,22,468,1997,77.26
133,1,22,468,1998,96.2
133,1,22,468,1999,102.2
133,1,22,468,2000,115.17
133,1,22,468,2001,130.5
133,1,22,468,2002,132.89
133,1,22,468,2003,152.65
133,1,22,468,2004,157.44
133,1,22,468,2005,172.66
133,1,22,468,2006,193.88
133,1,22,468,2007,206.84
133,1,22,468,2008,229.37
133,1,22,468,2009,243.85
133,1,22,468,2010,258.91
133,1,22,468,2011,277.31
133,1,22,468,2012,300.71
133,1,22,468,2013,327.74
133,1,22,468,2014,352.8
133,1,22,468,2015,377.04
133,1,22,468,2016,393.07
133,3,22,468,1990,21.09
133,3,22,468,1991,24.59
133,3,22,468,1992,28.36
133,3,22,468,1993,32.98
133,3,22,468,1994,38.13
133,3,22,468,1995,50.87
133,3,22,468,1996,66.93
133,3,22,468,1997,77.26
133,3,22,468,1998,96.2
133,3,22,468,1999,102.2
133,3,22,468,2000,115.17
133,3,22,468,2001,130.5
133,3,22,468,2002,132.89
133,3,22,468,2003,152.65
133,3,22,468,2004,157.44
133,3,22,468,2005,172.66
133,3,22,468,2006,193.88
133,3,22,468,2007,206.84
133,3,22,468,2008,229.37
133,3,22,468,2009,243.85
133,3,22,468,2010,258.91
133,3,22,468,2011,277.31
133,3,22,468,2012,300.71
133,3,22,468,2013,327.74
133,3,22,468,2014,352.8
133,3,22,468,2015,377.04
133,3,22,468,2016,393.07
135,1,22,468,1990,394.97
135,1,22,468,1991,413.16
135,1,22,468,1992,446.34
135,1,22,468,1993,471.26
135,1,22,468,1994,497.48
135,1,22,468,1995,531.73
135,1,22,468,1996,569.93
135,1,22,468,1997,613.86
135,1,22,468,1998,679.85
135,1,22,468,1999,715.27
135,1,22,468,2000,784.63
135,1,22,468,2001,843.57
135,1,22,468,2002,913.13
135,1,22,468,2003,984.02
135,1,22,468,2004,1043.09
135,1,22,468,2005,1106.93
135,1,22,468,2006,1183.78
135,1,22,468,2007,1247.2
135,1,22,468,2008,1325.85
135,1,22,468,2009,1391.88
135,1,22,468,2010,1467.16
135,1,22,468,2011,1536.27
135,1,22,468,2012,1602.02
135,1,22,468,2013,1664.97
135,1,22,468,2014,1719.9
135,1,22,468,2015,1775.63
135,1,22,468,2016,1783.61
135,3,22,468,1990,394.97
135,3,22,468,1991,413.16
135,3,22,468,1992,446.34
135,3,22,468,1993,471.26
135,3,22,468,1994,497.48
135,3,22,468,1995,531.73
135,3,22,468,1996,569.93
135,3,22,468,1997,613.86
135,3,22,468,1998,679.85
135,3,22,468,1999,715.27
135,3,22,468,2000,784.63
135,3,22,468,2001,843.57
135,3,22,468,2002,913.13
135,3,22,468,2003,984.02
135,3,22,468,2004,1043.09
135,3,22,468,2005,1106.93
135,3,22,468,2006,1183.78
135,3,22,468,2007,1247.2
135,3,22,468,2008,1325.85
135,3,22,468,2009,1391.88
135,3,22,468,2010,1467.16
135,3,22,468,2011,1536.27
135,3,22,468,2012,1602.02
135,3,22,468,2013,1664.97
135,3,22,468,2014,1719.9
135,3,22,468,2015,1775.63
135,3,22,468,2016,1783.61
136,1,22,468,1990,6.67
136,1,22,468,1991,7.27
136,1,22,468,1992,8.02
136,1,22,468,1993,8.72
136,1,22,468,1994,9.5
136,1,22,468,1995,10.37
136,1,22,468,1996,11.31
136,1,22,468,1997,12.05
136,1,22,468,1998,13.04
136,1,22,468,1999,14.16
136,1,22,468,2000,14.96
136,1,22,468,2001,15.81
136,1,22,468,2002,17.43
136,1,22,468,2003,18.61
136,1,22,468,2004,20.31
136,1,22,468,2005,23.05
136,1,22,468,2006,26.3
136,1,22,468,2007,29.76
136,1,22,468,2008,32.94
136,1,22,468,2009,36.15
136,1,22,468,2010,39.83
136,1,22,468,2011,43.35
136,1,22,468,2012,48.77
136,1,22,468,2013,54.31
136,1,22,468,2014,58.76
136,1,22,468,2015,62.21
136,1,22,468,2016,64.91
136,3,22,468,1990,6.67
136,3,22,468,1991,7.27
136,3,22,468,1992,8.02
136,3,22,468,1993,8.72
136,3,22,468,1994,9.5
136,3,22,468,1995,10.37
136,3,22,468,1996,11.31
136,3,22,468,1997,12.05
136,3,22,468,1998,13.04
136,3,22,468,1999,14.16
136,3,22,468,2000,14.96
136,3,22,468,2001,15.81
136,3,22,468,2002,17.43
136,3,22,468,2003,18.61
136,3,22,468,2004,20.31
136,3,22,468,2005,23.05
136,3,22,468,2006,26.3
136,3,22,468,2007,29.76
136,3,22,468,2008,32.94
136,3,22,468,2009,36.15
136,3,22,468,2010,39.83
136,3,22,468,2011,43.35
136,3,22,468,2012,48.77
136,3,22,468,2013,54.31
136,3,22,468,2014,58.76
136,3,22,468,2015,62.21
136,3,22,468,2016,64.91
139,1,22,468,1990,30.58
139,1,22,468,1991,30.37
139,1,22,468,1992,33.86
139,1,22,468,1993,37.39
139,1,22,468,1994,41.33
139,1,22,468,1995,46.43
139,1,22,468,1996,45.79
139,1,22,468,1997,46.22
139,1,22,468,1998,46.54
139,1,22,468,1999,45.68
139,1,22,468,2000,45.05
139,1,22,468,2001,45.29
139,1,22,468,2002,46.46
139,1,22,468,2003,44.24
139,1,22,468,2004,40.49
139,1,22,468,2005,39.8
139,1,22,468,2006,39.43
139,1,22,468,2007,41.89
139,1,22,468,2008,44.18
139,1,22,468,2009,46.54
139,1,22,468,2010,49.21
139,1,22,468,2011,52.32
139,1,22,468,2012,56.05
139,1,22,468,2013,60.36
139,1,22,468,2014,65.03
139,1,22,468,2015,69.32
139,1,22,468,2016,73.4
139,3,22,468,1990,30.58
139,3,22,468,1991,30.37
139,3,22,468,1992,33.86
139,3,22,468,1993,37.39
139,3,22,468,1994,41.33
139,3,22,468,1995,46.43
139,3,22,468,1996,45.79
139,3,22,468,1997,46.22
139,3,22,468,1998,46.54
139,3,22,468,1999,45.68
139,3,22,468,2000,45.05
139,3,22,468,2001,45.29
139,3,22,468,2002,46.46
139,3,22,468,2003,44.24
139,3,22,468,2004,40.49
139,3,22,468,2005,39.8
139,3,22,468,2006,39.43
139,3,22,468,2007,41.89
139,3,22,468,2008,44.18
139,3,22,468,2009,46.54
139,3,22,468,2010,49.21
139,3,22,468,2011,52.32
139,3,22,468,2012,56.05
139,3,22,468,2013,60.36
139,3,22,468,2014,65.03
139,3,22,468,2015,69.32
139,3,22,468,2016,73.4
140,1,22,468,1990,0.84
140,1,22,468,1991,0.85
140,1,22,468,1992,0.86
140,1,22,468,1993,0.87
140,1,22,468,1994,0.94
140,1,22,468,1995,1
140,1,22,468,1996,1.04
140,1,22,468,1997,1.08
140,1,22,468,1998,1.11
140,1,22,468,1999,1.16
140,1,22,468,2000,1.3
140,1,22,468,2001,1.6
140,1,22,468,2002,1.88
140,1,22,468,2003,2
140,1,22,468,2004,2.06
140,1,22,468,2005,2.19
140,1,22,468,2006,2.47
140,1,22,468,2007,2.76
140,1,22,468,2008,3.02
140,1,22,468,2009,3.23
140,1,22,468,2010,3.34
140,1,22,468,2011,3.32
140,1,22,468,2012,3.33
140,1,22,468,2013,3.45
140,1,22,468,2014,3.73
140,1,22,468,2015,4.02
140,1,22,468,2016,4.31
140,3,22,468,1990,0.84
140,3,22,468,1991,0.85
140,3,22,468,1992,0.86
140,3,22,468,1993,0.87
140,3,22,468,1994,0.94
140,3,22,468,1995,1
140,3,22,468,1996,1.04
140,3,22,468,1997,1.08
140,3,22,468,1998,1.11
140,3,22,468,1999,1.16
140,3,22,468,2000,1.3
140,3,22,468,2001,1.6
140,3,22,468,2002,1.88
140,3,22,468,2003,2
140,3,22,468,2004,2.06
140,3,22,468,2005,2.19
140,3,22,468,2006,2.47
140,3,22,468,2007,2.76
140,3,22,468,2008,3.02
140,3,22,468,2009,3.23
140,3,22,468,2010,3.34
140,3,22,468,2011,3.32
140,3,22,468,2012,3.33
140,3,22,468,2013,3.45
140,3,22,468,2014,3.73
140,3,22,468,2015,4.02
140,3,22,468,2016,4.31
141,1,22,468,1990,36.96
141,1,22,468,1991,36.86
141,1,22,468,1992,37.35
141,1,22,468,1993,39.22
141,1,22,468,1994,41.14
141,1,22,468,1995,42.24
141,1,22,468,1996,43.75
141,1,22,468,1997,45.41
141,1,22,468,1998,45.97
141,1,22,468,1999,47.39
141,1,22,468,2000,48.39
141,1,22,468,2001,51.74
141,1,22,468,2002,54.37
141,1,22,468,2003,57.13
141,1,22,468,2004,59.36
141,1,22,468,2005,61.38
141,1,22,468,2006,64.75
141,1,22,468,2007,67.27
141,1,22,468,2008,71.13
141,1,22,468,2009,75.94
141,1,22,468,2010,79.7
141,1,22,468,2011,83.92
141,1,22,468,2012,86.63
141,1,22,468,2013,88.43
141,1,22,468,2014,91.13
141,1,22,468,2015,95.51
141,1,22,468,2016,98.97
141,3,22,468,1990,36.96
141,3,22,468,1991,36.86
141,3,22,468,1992,37.35
141,3,22,468,1993,39.22
141,3,22,468,1994,41.14
141,3,22,468,1995,42.24
141,3,22,468,1996,43.75
141,3,22,468,1997,45.41
141,3,22,468,1998,45.97
141,3,22,468,1999,47.39
141,3,22,468,2000,48.39
141,3,22,468,2001,51.74
141,3,22,468,2002,54.37
141,3,22,468,2003,57.13
141,3,22,468,2004,59.36
141,3,22,468,2005,61.38
141,3,22,468,2006,64.75
141,3,22,468,2007,67.27
141,3,22,468,2008,71.13
141,3,22,468,2009,75.94
141,3,22,468,2010,79.7
141,3,22,468,2011,83.92
141,3,22,468,2012,86.63
141,3,22,468,2013,88.43
141,3,22,468,2014,91.13
141,3,22,468,2015,95.51
141,3,22,468,2016,98.97
142,1,22,468,1990,44.34
142,1,22,468,1991,48.75
142,1,22,468,1992,53.95
142,1,22,468,1993,60.84
142,1,22,468,1994,68.9
142,1,22,468,1995,78.35
142,1,22,468,1996,90.02
142,1,22,468,1997,97.99
142,1,22,468,1998,109.85
142,1,22,468,1999,122.27
142,1,22,468,2000,139.83
142,1,22,468,2001,157.27
142,1,22,468,2002,175
142,1,22,468,2003,195.48
142,1,22,468,2004,212.27
142,1,22,468,2005,243.35
142,1,22,468,2006,271.62
142,1,22,468,2007,300.79
142,1,22,468,2008,329.47
142,1,22,468,2009,357.45
142,1,22,468,2010,386.84
142,1,22,468,2011,412.76
142,1,22,468,2012,445.08
142,1,22,468,2013,485.43
142,1,22,468,2014,510.39
142,1,22,468,2015,520.73
142,1,22,468,2016,527.95
142,3,22,468,1990,44.34
142,3,22,468,1991,48.75
142,3,22,468,1992,53.95
142,3,22,468,1993,60.84
142,3,22,468,1994,68.9
142,3,22,468,1995,78.35
142,3,22,468,1996,90.02
142,3,22,468,1997,97.99
142,3,22,468,1998,109.85
142,3,22,468,1999,122.27
142,3,22,468,2000,139.83
142,3,22,468,2001,157.27
142,3,22,468,2002,175
142,3,22,468,2003,195.48
142,3,22,468,2004,212.27
142,3,22,468,2005,243.35
142,3,22,468,2006,271.62
142,3,22,468,2007,300.79
142,3,22,468,2008,329.47
142,3,22,468,2009,357.45
142,3,22,468,2010,386.84
142,3,22,468,2011,412.76
142,3,22,468,2012,445.08
142,3,22,468,2013,485.43
142,3,22,468,2014,510.39
142,3,22,468,2015,520.73
142,3,22,468,2016,527.95
143,1,22,468,1990,29.73
143,1,22,468,1991,31.82
143,1,22,468,1992,34.12
143,1,22,468,1993,36.42
143,1,22,468,1994,38.85
143,1,22,468,1995,41.41
143,1,22,468,1996,43.87
143,1,22,468,1997,47.48
143,1,22,468,1998,48.26
143,1,22,468,1999,51.71
143,1,22,468,2000,57.39
143,1,22,468,2001,59.02
143,1,22,468,2002,65.89
143,1,22,468,2003,69.89
143,1,22,468,2004,71.8
143,1,22,468,2005,72.66
143,1,22,468,2006,72.8
143,1,22,468,2007,72.39
143,1,22,468,2008,67.51
143,1,22,468,2009,73.48
143,1,22,468,2010,75.16
143,1,22,468,2011,79.81
143,1,22,468,2012,79.71
143,1,22,468,2013,81.59
143,1,22,468,2014,84.77
143,1,22,468,2015,88.73
143,1,22,468,2016,92.75
143,3,22,468,1990,29.73
143,3,22,468,1991,31.82
143,3,22,468,1992,34.12
143,3,22,468,1993,36.42
143,3,22,468,1994,38.85
143,3,22,468,1995,41.41
143,3,22,468,1996,43.87
143,3,22,468,1997,47.48
143,3,22,468,1998,48.26
143,3,22,468,1999,51.71
143,3,22,468,2000,57.39
143,3,22,468,2001,59.02
143,3,22,468,2002,65.89
143,3,22,468,2003,69.89
143,3,22,468,2004,71.8
143,3,22,468,2005,72.66
143,3,22,468,2006,72.8
143,3,22,468,2007,72.39
143,3,22,468,2008,67.51
143,3,22,468,2009,73.48
143,3,22,468,2010,75.16
143,3,22,468,2011,79.81
143,3,22,468,2012,79.71
143,3,22,468,2013,81.59
143,3,22,468,2014,84.77
143,3,22,468,2015,88.73
143,3,22,468,2016,92.75
144,1,22,468,1990,8.66
144,1,22,468,1991,9.49
144,1,22,468,1992,10.79
144,1,22,468,1993,12.49
144,1,22,468,1994,14.36
144,1,22,468,1995,16.33
144,1,22,468,1996,17.62
144,1,22,468,1997,18.93
144,1,22,468,1998,20.09
144,1,22,468,1999,20.73
144,1,22,468,2000,21.42
144,1,22,468,2001,22.24
144,1,22,468,2002,21.96
144,1,22,468,2003,20.91
144,1,22,468,2004,19.59
144,1,22,468,2005,20.22
144,1,22,468,2006,21.07
144,1,22,468,2007,22.57
144,1,22,468,2008,22.17
144,1,22,468,2009,21.54
144,1,22,468,2010,22.86
144,1,22,468,2011,23.82
144,1,22,468,2012,27.21
144,1,22,468,2013,29.67
144,1,22,468,2014,31.98
144,1,22,468,2015,34.36
144,1,22,468,2016,36.27
144,3,22,468,1990,8.66
144,3,22,468,1991,9.49
144,3,22,468,1992,10.79
144,3,22,468,1993,12.49
144,3,22,468,1994,14.36
144,3,22,468,1995,16.33
144,3,22,468,1996,17.62
144,3,22,468,1997,18.93
144,3,22,468,1998,20.09
144,3,22,468,1999,20.73
144,3,22,468,2000,21.42
144,3,22,468,2001,22.24
144,3,22,468,2002,21.96
144,3,22,468,2003,20.91
144,3,22,468,2004,19.59
144,3,22,468,2005,20.22
144,3,22,468,2006,21.07
144,3,22,468,2007,22.57
144,3,22,468,2008,22.17
144,3,22,468,2009,21.54
144,3,22,468,2010,22.86
144,3,22,468,2011,23.82
144,3,22,468,2012,27.21
144,3,22,468,2013,29.67
144,3,22,468,2014,31.98
144,3,22,468,2015,34.36
144,3,22,468,2016,36.27
145,1,22,468,1990,5.38
145,1,22,468,1991,5.04
145,1,22,468,1992,4.76
145,1,22,468,1993,4.71
145,1,22,468,1994,3.9
145,1,22,468,1995,3.88
145,1,22,468,1996,3.93
145,1,22,468,1997,4.26
145,1,22,468,1998,4.74
145,1,22,468,1999,4.93
145,1,22,468,2000,5.29
145,1,22,468,2001,5.67
145,1,22,468,2002,6.34
145,1,22,468,2003,7.03
145,1,22,468,2004,8.18
145,1,22,468,2005,8.82
145,1,22,468,2006,9.58
145,1,22,468,2007,10.59
145,1,22,468,2008,11.67
145,1,22,468,2009,13.92
145,1,22,468,2010,14.07
145,1,22,468,2011,15.85
145,1,22,468,2012,16.77
145,1,22,468,2013,18.13
145,1,22,468,2014,19.05
145,1,22,468,2015,21.49
145,1,22,468,2016,23.15
145,3,22,468,1990,5.38
145,3,22,468,1991,5.04
145,3,22,468,1992,4.76
145,3,22,468,1993,4.71
145,3,22,468,1994,3.9
145,3,22,468,1995,3.88
145,3,22,468,1996,3.93
145,3,22,468,1997,4.26
145,3,22,468,1998,4.74
145,3,22,468,1999,4.93
145,3,22,468,2000,5.29
145,3,22,468,2001,5.67
145,3,22,468,2002,6.34
145,3,22,468,2003,7.03
145,3,22,468,2004,8.18
145,3,22,468,2005,8.82
145,3,22,468,2006,9.58
145,3,22,468,2007,10.59
145,3,22,468,2008,11.67
145,3,22,468,2009,13.92
145,3,22,468,2010,14.07
145,3,22,468,2011,15.85
145,3,22,468,2012,16.77
145,3,22,468,2013,18.13
145,3,22,468,2014,19.05
145,3,22,468,2015,21.49
145,3,22,468,2016,23.15
146,1,22,468,1990,19.43
146,1,22,468,1991,19.43
146,1,22,468,1992,20.44
146,1,22,468,1993,21.73
146,1,22,468,1994,22.57
146,1,22,468,1995,23.05
146,1,22,468,1996,23.81
146,1,22,468,1997,24.89
146,1,22,468,1998,25.62
146,1,22,468,1999,28.45
146,1,22,468,2000,31.47
146,1,22,468,2001,35.36
146,1,22,468,2002,39.79
146,1,22,468,2003,44.15
146,1,22,468,2004,49.11
146,1,22,468,2005,53.55
146,1,22,468,2006,55.59
146,1,22,468,2007,59.37
146,1,22,468,2008,61.83
146,1,22,468,2009,65.48
146,1,22,468,2010,70.45
146,1,22,468,2011,77.95
146,1,22,468,2012,85.53
146,1,22,468,2013,94.34
146,1,22,468,2014,102.74
146,1,22,468,2015,109.93
146,1,22,468,2016,115.12
146,3,22,468,1990,19.43
146,3,22,468,1991,19.43
146,3,22,468,1992,20.44
146,3,22,468,1993,21.73
146,3,22,468,1994,22.57
146,3,22,468,1995,23.05
146,3,22,468,1996,23.81
146,3,22,468,1997,24.89
146,3,22,468,1998,25.62
146,3,22,468,1999,28.45
146,3,22,468,2000,31.47
146,3,22,468,2001,35.36
146,3,22,468,2002,39.79
146,3,22,468,2003,44.15
146,3,22,468,2004,49.11
146,3,22,468,2005,53.55
146,3,22,468,2006,55.59
146,3,22,468,2007,59.37
146,3,22,468,2008,61.83
146,3,22,468,2009,65.48
146,3,22,468,2010,70.45
146,3,22,468,2011,77.95
146,3,22,468,2012,85.53
146,3,22,468,2013,94.34
146,3,22,468,2014,102.74
146,3,22,468,2015,109.93
146,3,22,468,2016,115.12
147,1,22,468,1990,4.7
147,1,22,468,1991,4.93
147,1,22,468,1992,5.24
147,1,22,468,1993,5.6
147,1,22,468,1994,5.99
147,1,22,468,1995,6.42
147,1,22,468,1996,6.87
147,1,22,468,1997,7.61
147,1,22,468,1998,8.38
147,1,22,468,1999,9.21
147,1,22,468,2000,10.15
147,1,22,468,2001,11.13
147,1,22,468,2002,12.26
147,1,22,468,2003,13.68
147,1,22,468,2004,15.3
147,1,22,468,2005,17.2
147,1,22,468,2006,19.26
147,1,22,468,2007,21.6
147,1,22,468,2008,23.93
147,1,22,468,2009,26.2
147,1,22,468,2010,28.96
147,1,22,468,2011,30.65
147,1,22,468,2012,32.51
147,1,22,468,2013,34.39
147,1,22,468,2014,35.94
147,1,22,468,2015,37.29
147,1,22,468,2016,38.1
147,3,22,468,1990,4.7
147,3,22,468,1991,4.93
147,3,22,468,1992,5.24
147,3,22,468,1993,5.6
147,3,22,468,1994,5.99
147,3,22,468,1995,6.42
147,3,22,468,1996,6.87
147,3,22,468,1997,7.61
147,3,22,468,1998,8.38
147,3,22,468,1999,9.21
147,3,22,468,2000,10.15
147,3,22,468,2001,11.13
147,3,22,468,2002,12.26
147,3,22,468,2003,13.68
147,3,22,468,2004,15.3
147,3,22,468,2005,17.2
147,3,22,468,2006,19.26
147,3,22,468,2007,21.6
147,3,22,468,2008,23.93
147,3,22,468,2009,26.2
147,3,22,468,2010,28.96
147,3,22,468,2011,30.65
147,3,22,468,2012,32.51
147,3,22,468,2013,34.39
147,3,22,468,2014,35.94
147,3,22,468,2015,37.29
147,3,22,468,2016,38.1
148,1,22,468,1990,44.79
148,1,22,468,1991,45.53
148,1,22,468,1992,46.45
148,1,22,468,1993,47.76
148,1,22,468,1994,47.8
148,1,22,468,1995,48.23
148,1,22,468,1996,48.47
148,1,22,468,1997,48.96
148,1,22,468,1998,49.41
148,1,22,468,1999,49.92
148,1,22,468,2000,50.37
148,1,22,468,2001,50.89
148,1,22,468,2002,50.6
148,1,22,468,2003,51.19
148,1,22,468,2004,51.9
148,1,22,468,2005,52.72
148,1,22,468,2006,53.93
148,1,22,468,2007,55.19
148,1,22,468,2008,56.45
148,1,22,468,2009,57.77
148,1,22,468,2010,59.22
148,1,22,468,2011,61.08
148,1,22,468,2012,63.22
148,1,22,468,2013,65.58
148,1,22,468,2014,67.89
148,1,22,468,2015,70.21
148,1,22,468,2016,72.62
148,3,22,468,1990,44.79
148,3,22,468,1991,45.53
148,3,22,468,1992,46.45
148,3,22,468,1993,47.76
148,3,22,468,1994,47.8
148,3,22,468,1995,48.23
148,3,22,468,1996,48.47
148,3,22,468,1997,48.96
148,3,22,468,1998,49.41
148,3,22,468,1999,49.92
148,3,22,468,2000,50.37
148,3,22,468,2001,50.89
148,3,22,468,2002,50.6
148,3,22,468,2003,51.19
148,3,22,468,2004,51.9
148,3,22,468,2005,52.72
148,3,22,468,2006,53.93
148,3,22,468,2007,55.19
148,3,22,468,2008,56.45
148,3,22,468,2009,57.77
148,3,22,468,2010,59.22
148,3,22,468,2011,61.08
148,3,22,468,2012,63.22
148,3,22,468,2013,65.58
148,3,22,468,2014,67.89
148,3,22,468,2015,70.21
148,3,22,468,2016,72.62
149,1,22,468,1990,2.29
149,1,22,468,1991,2.4
149,1,22,468,1992,2.53
149,1,22,468,1993,2.69
149,1,22,468,1994,2.87
149,1,22,468,1995,3.13
149,1,22,468,1996,3.45
149,1,22,468,1997,3.91
149,1,22,468,1998,3.83
149,1,22,468,1999,3.52
149,1,22,468,2000,3.33
149,1,22,468,2001,3.44
149,1,22,468,2002,3.61
149,1,22,468,2003,3.63
149,1,22,468,2004,3.74
149,1,22,468,2005,3.5
149,1,22,468,2006,3.08
149,1,22,468,2007,2.76
149,1,22,468,2008,2.34
149,1,22,468,2009,2.28
149,1,22,468,2010,2.11
149,1,22,468,2011,2.01
149,1,22,468,2012,2.01
149,1,22,468,2013,2.25
149,1,22,468,2014,2.45
149,1,22,468,2015,2.67
149,1,22,468,2016,2.89
149,3,22,468,1990,2.29
149,3,22,468,1991,2.4
149,3,22,468,1992,2.53
149,3,22,468,1993,2.69
149,3,22,468,1994,2.87
149,3,22,468,1995,3.13
149,3,22,468,1996,3.45
149,3,22,468,1997,3.91
149,3,22,468,1998,3.83
149,3,22,468,1999,3.52
149,3,22,468,2000,3.33
149,3,22,468,2001,3.44
149,3,22,468,2002,3.61
149,3,22,468,2003,3.63
149,3,22,468,2004,3.74
149,3,22,468,2005,3.5
149,3,22,468,2006,3.08
149,3,22,468,2007,2.76
149,3,22,468,2008,2.34
149,3,22,468,2009,2.28
149,3,22,468,2010,2.11
149,3,22,468,2011,2.01
149,3,22,468,2012,2.01
149,3,22,468,2013,2.25
149,3,22,468,2014,2.45
149,3,22,468,2015,2.67
149,3,22,468,2016,2.89
150,1,22,468,1990,1.03
150,1,22,468,1991,1.12
150,1,22,468,1992,1.24
150,1,22,468,1993,1.38
150,1,22,468,1994,1.52
150,1,22,468,1995,1.64
150,1,22,468,1996,1.65
150,1,22,468,1997,1.64
150,1,22,468,1998,1.62
150,1,22,468,1999,1.62
150,1,22,468,2000,1.65
150,1,22,468,2001,1.71
150,1,22,468,2002,1.81
150,1,22,468,2003,1.97
150,1,22,468,2004,2.17
150,1,22,468,2005,2.33
150,1,22,468,2006,2.65
150,1,22,468,2007,3.1
150,1,22,468,2008,3.79
150,1,22,468,2009,4.82
150,1,22,468,2010,5.68
150,1,22,468,2011,7.19
150,1,22,468,2012,8.99
150,1,22,468,2013,11.12
150,1,22,468,2014,13.46
150,1,22,468,2015,15.64
150,1,22,468,2016,16.34
150,3,22,468,1990,1.03
150,3,22,468,1991,1.12
150,3,22,468,1992,1.24
150,3,22,468,1993,1.38
150,3,22,468,1994,1.52
150,3,22,468,1995,1.64
150,3,22,468,1996,1.65
150,3,22,468,1997,1.64
150,3,22,468,1998,1.62
150,3,22,468,1999,1.62
150,3,22,468,2000,1.65
150,3,22,468,2001,1.71
150,3,22,468,2002,1.81
150,3,22,468,2003,1.97
150,3,22,468,2004,2.17
150,3,22,468,2005,2.33
150,3,22,468,2006,2.65
150,3,22,468,2007,3.1
150,3,22,468,2008,3.79
150,3,22,468,2009,4.82
150,3,22,468,2010,5.68
150,3,22,468,2011,7.19
150,3,22,468,2012,8.99
150,3,22,468,2013,11.12
150,3,22,468,2014,13.46
150,3,22,468,2015,15.64
150,3,22,468,2016,16.34
151,1,22,468,1990,0.72
151,1,22,468,1991,0.78
151,1,22,468,1992,0.83
151,1,22,468,1993,0.9
151,1,22,468,1994,1
151,1,22,468,1995,1.12
151,1,22,468,1996,1.2
151,1,22,468,1997,1.28
151,1,22,468,1998,1.37
151,1,22,468,1999,1.45
151,1,22,468,2000,1.52
151,1,22,468,2001,1.61
151,1,22,468,2002,1.76
151,1,22,468,2003,1.95
151,1,22,468,2004,2.23
151,1,22,468,2005,2.74
151,1,22,468,2006,3.61
151,1,22,468,2007,4.71
151,1,22,468,2008,5.99
151,1,22,468,2009,7.19
151,1,22,468,2010,8.14
151,1,22,468,2011,8.44
151,1,22,468,2012,8.84
151,1,22,468,2013,9.46
151,1,22,468,2014,10.28
151,1,22,468,2015,11.17
151,1,22,468,2016,11.62
151,3,22,468,1990,0.72
151,3,22,468,1991,0.78
151,3,22,468,1992,0.83
151,3,22,468,1993,0.9
151,3,22,468,1994,1
151,3,22,468,1995,1.12
151,3,22,468,1996,1.2
151,3,22,468,1997,1.28
151,3,22,468,1998,1.37
151,3,22,468,1999,1.45
151,3,22,468,2000,1.52
151,3,22,468,2001,1.61
151,3,22,468,2002,1.76
151,3,22,468,2003,1.95
151,3,22,468,2004,2.23
151,3,22,468,2005,2.74
151,3,22,468,2006,3.61
151,3,22,468,2007,4.71
151,3,22,468,2008,5.99
151,3,22,468,2009,7.19
151,3,22,468,2010,8.14
151,3,22,468,2011,8.44
151,3,22,468,2012,8.84
151,3,22,468,2013,9.46
151,3,22,468,2014,10.28
151,3,22,468,2015,11.17
151,3,22,468,2016,11.62
152,1,22,468,1990,11.44
152,1,22,468,1991,12.06
152,1,22,468,1992,12.61
152,1,22,468,1993,13.17
152,1,22,468,1994,13.75
152,1,22,468,1995,14.42
152,1,22,468,1996,15.3
152,1,22,468,1997,16.35
152,1,22,468,1998,17.61
152,1,22,468,1999,19.02
152,1,22,468,2000,20.69
152,1,22,468,2001,22.86
152,1,22,468,2002,25.94
152,1,22,468,2003,29.89
152,1,22,468,2004,34.72
152,1,22,468,2005,40.52
152,1,22,468,2006,47.41
152,1,22,468,2007,56.13
152,1,22,468,2008,66.76
152,1,22,468,2009,78.71
152,1,22,468,2010,92.32
152,1,22,468,2011,106.27
152,1,22,468,2012,120.91
152,1,22,468,2013,134.57
152,1,22,468,2014,149.63
152,1,22,468,2015,166.31
152,1,22,468,2016,179.08
152,3,22,468,1990,11.44
152,3,22,468,1991,12.06
152,3,22,468,1992,12.61
152,3,22,468,1993,13.17
152,3,22,468,1994,13.75
152,3,22,468,1995,14.42
152,3,22,468,1996,15.3
152,3,22,468,1997,16.35
152,3,22,468,1998,17.61
152,3,22,468,1999,19.02
152,3,22,468,2000,20.69
152,3,22,468,2001,22.86
152,3,22,468,2002,25.94
152,3,22,468,2003,29.89
152,3,22,468,2004,34.72
152,3,22,468,2005,40.52
152,3,22,468,2006,47.41
152,3,22,468,2007,56.13
152,3,22,468,2008,66.76
152,3,22,468,2009,78.71
152,3,22,468,2010,92.32
152,3,22,468,2011,106.27
152,3,22,468,2012,120.91
152,3,22,468,2013,134.57
152,3,22,468,2014,149.63
152,3,22,468,2015,166.31
152,3,22,468,2016,179.08
153,1,22,468,1990,4.33
153,1,22,468,1991,4.53
153,1,22,468,1992,4.7
153,1,22,468,1993,5.01
153,1,22,468,1994,5.27
153,1,22,468,1995,5.52
153,1,22,468,1996,5.75
153,1,22,468,1997,5.98
153,1,22,468,1998,6.23
153,1,22,468,1999,6.49
153,1,22,468,2000,6.68
153,1,22,468,2001,6.79
153,1,22,468,2002,6.92
153,1,22,468,2003,7
153,1,22,468,2004,7.05
153,1,22,468,2005,7.13
153,1,22,468,2006,7.64
153,1,22,468,2007,8.35
153,1,22,468,2008,9.01
153,1,22,468,2009,9.69
153,1,22,468,2010,10.93
153,1,22,468,2011,11.41
153,1,22,468,2012,11.55
153,1,22,468,2013,11.4
153,1,22,468,2014,11.23
153,1,22,468,2015,11.24
153,1,22,468,2016,11.89
153,3,22,468,1990,4.33
153,3,22,468,1991,4.53
153,3,22,468,1992,4.7
153,3,22,468,1993,5.01
153,3,22,468,1994,5.27
153,3,22,468,1995,5.52
153,3,22,468,1996,5.75
153,3,22,468,1997,5.98
153,3,22,468,1998,6.23
153,3,22,468,1999,6.49
153,3,22,468,2000,6.68
153,3,22,468,2001,6.79
153,3,22,468,2002,6.92
153,3,22,468,2003,7
153,3,22,468,2004,7.05
153,3,22,468,2005,7.13
153,3,22,468,2006,7.64
153,3,22,468,2007,8.35
153,3,22,468,2008,9.01
153,3,22,468,2009,9.69
153,3,22,468,2010,10.93
153,3,22,468,2011,11.41
153,3,22,468,2012,11.55
153,3,22,468,2013,11.4
153,3,22,468,2014,11.23
153,3,22,468,2015,11.24
153,3,22,468,2016,11.89
154,1,22,468,1990,14.07
154,1,22,468,1991,14.81
154,1,22,468,1992,15.62
154,1,22,468,1993,16.51
154,1,22,468,1994,17.48
154,1,22,468,1995,18.44
154,1,22,468,1996,19.41
154,1,22,468,1997,20.43
154,1,22,468,1998,21.38
154,1,22,468,1999,22.39
154,1,22,468,2000,23.21
154,1,22,468,2001,25.54
154,1,22,468,2002,27.86
154,1,22,468,2003,30.15
154,1,22,468,2004,32.66
154,1,22,468,2005,33.25
154,1,22,468,2006,34.2
154,1,22,468,2007,35.22
154,1,22,468,2008,36.29
154,1,22,468,2009,37.32
154,1,22,468,2010,38.49
154,1,22,468,2011,39.86
154,1,22,468,2012,41.48
154,1,22,468,2013,43.38
154,1,22,468,2014,45.18
154,1,22,468,2015,46.97
154,1,22,468,2016,48.65
154,3,22,468,1990,14.07
154,3,22,468,1991,14.81
154,3,22,468,1992,15.62
154,3,22,468,1993,16.51
154,3,22,468,1994,17.48
154,3,22,468,1995,18.44
154,3,22,468,1996,19.41
154,3,22,468,1997,20.43
154,3,22,468,1998,21.38
154,3,22,468,1999,22.39
154,3,22,468,2000,23.21
154,3,22,468,2001,25.54
154,3,22,468,2002,27.86
154,3,22,468,2003,30.15
154,3,22,468,2004,32.66
154,3,22,468,2005,33.25
154,3,22,468,2006,34.2
154,3,22,468,2007,35.22
154,3,22,468,2008,36.29
154,3,22,468,2009,37.32
154,3,22,468,2010,38.49
154,3,22,468,2011,39.86
154,3,22,468,2012,41.48
154,3,22,468,2013,43.38
154,3,22,468,2014,45.18
154,3,22,468,2015,46.97
154,3,22,468,2016,48.65
155,1,22,468,1990,535.95
155,1,22,468,1991,590.23
155,1,22,468,1992,628.56
155,1,22,468,1993,681.22
155,1,22,468,1994,717.13
155,1,22,468,1995,745.04
155,1,22,468,1996,755
155,1,22,468,1997,783.26
155,1,22,468,1998,779.64
155,1,22,468,1999,837.77
155,1,22,468,2000,793.97
155,1,22,468,2001,793.63
155,1,22,468,2002,784.89
155,1,22,468,2003,821.74
155,1,22,468,2004,840.59
155,1,22,468,2005,874.95
155,1,22,468,2006,894.66
155,1,22,468,2007,870.9
155,1,22,468,2008,853.63
155,1,22,468,2009,900.42
155,1,22,468,2010,868.43
155,1,22,468,2011,905.19
155,1,22,468,2012,930.36
155,1,22,468,2013,1016.16
155,1,22,468,2014,1171.77
155,1,22,468,2015,1335.22
155,1,22,468,2016,1451.7
155,3,22,468,1990,535.95
155,3,22,468,1991,590.23
155,3,22,468,1992,628.56
155,3,22,468,1993,681.22
155,3,22,468,1994,717.13
155,3,22,468,1995,745.04
155,3,22,468,1996,755
155,3,22,468,1997,783.26
155,3,22,468,1998,779.64
155,3,22,468,1999,837.77
155,3,22,468,2000,793.97
155,3,22,468,2001,793.63
155,3,22,468,2002,784.89
155,3,22,468,2003,821.74
155,3,22,468,2004,840.59
155,3,22,468,2005,874.95
155,3,22,468,2006,894.66
155,3,22,468,2007,870.9
155,3,22,468,2008,853.63
155,3,22,468,2009,900.42
155,3,22,468,2010,868.43
155,3,22,468,2011,905.19
155,3,22,468,2012,930.36
155,3,22,468,2013,1016.16
155,3,22,468,2014,1171.77
155,3,22,468,2015,1335.22
155,3,22,468,2016,1451.7
156,1,22,468,1990,3.78
156,1,22,468,1991,4.25
156,1,22,468,1992,4.85
156,1,22,468,1993,5.61
156,1,22,468,1994,6.47
156,1,22,468,1995,7.44
156,1,22,468,1996,8.3
156,1,22,468,1997,9.29
156,1,22,468,1998,10.55
156,1,22,468,1999,11.97
156,1,22,468,2000,13.49
156,1,22,468,2001,15.25
156,1,22,468,2002,17.45
156,1,22,468,2003,20.18
156,1,22,468,2004,24.11
156,1,22,468,2005,28.46
156,1,22,468,2006,34.24
156,1,22,468,2007,43.09
156,1,22,468,2008,53.58
156,1,22,468,2009,64.76
156,1,22,468,2010,76.26
156,1,22,468,2011,84.68
156,1,22,468,2012,91.77
156,1,22,468,2013,97.47
156,1,22,468,2014,102.9
156,1,22,468,2015,108.07
156,1,22,468,2016,109.06
156,3,22,468,1990,3.78
156,3,22,468,1991,4.25
156,3,22,468,1992,4.85
156,3,22,468,1993,5.61
156,3,22,468,1994,6.47
156,3,22,468,1995,7.44
156,3,22,468,1996,8.3
156,3,22,468,1997,9.29
156,3,22,468,1998,10.55
156,3,22,468,1999,11.97
156,3,22,468,2000,13.49
156,3,22,468,2001,15.25
156,3,22,468,2002,17.45
156,3,22,468,2003,20.18
156,3,22,468,2004,24.11
156,3,22,468,2005,28.46
156,3,22,468,2006,34.24
156,3,22,468,2007,43.09
156,3,22,468,2008,53.58
156,3,22,468,2009,64.76
156,3,22,468,2010,76.26
156,3,22,468,2011,84.68
156,3,22,468,2012,91.77
156,3,22,468,2013,97.47
156,3,22,468,2014,102.9
156,3,22,468,2015,108.07
156,3,22,468,2016,109.06
157,1,22,468,1990,15.87
157,1,22,468,1991,16.58
157,1,22,468,1992,17.36
157,1,22,468,1993,18.18
157,1,22,468,1994,18.88
157,1,22,468,1995,19.49
157,1,22,468,1996,19.65
157,1,22,468,1997,19.77
157,1,22,468,1998,19.79
157,1,22,468,1999,19.86
157,1,22,468,2000,19.98
157,1,22,468,2001,20.18
157,1,22,468,2002,20.54
157,1,22,468,2003,21.04
157,1,22,468,2004,21.7
157,1,22,468,2005,22.38
157,1,22,468,2006,23.03
157,1,22,468,2007,23.64
157,1,22,468,2008,24.27
157,1,22,468,2009,24.92
157,1,22,468,2010,25.63
157,1,22,468,2011,26.62
157,1,22,468,2012,27.95
157,1,22,468,2013,29.69
157,1,22,468,2014,31.62
157,1,22,468,2015,33.83
157,1,22,468,2016,35.69
157,3,22,468,1990,15.87
157,3,22,468,1991,16.58
157,3,22,468,1992,17.36
157,3,22,468,1993,18.18
157,3,22,468,1994,18.88
157,3,22,468,1995,19.49
157,3,22,468,1996,19.65
157,3,22,468,1997,19.77
157,3,22,468,1998,19.79
157,3,22,468,1999,19.86
157,3,22,468,2000,19.98
157,3,22,468,2001,20.18
157,3,22,468,2002,20.54
157,3,22,468,2003,21.04
157,3,22,468,2004,21.7
157,3,22,468,2005,22.38
157,3,22,468,2006,23.03
157,3,22,468,2007,23.64
157,3,22,468,2008,24.27
157,3,22,468,2009,24.92
157,3,22,468,2010,25.63
157,3,22,468,2011,26.62
157,3,22,468,2012,27.95
157,3,22,468,2013,29.69
157,3,22,468,2014,31.62
157,3,22,468,2015,33.83
157,3,22,468,2016,35.69
160,1,22,468,1990,30.01
160,1,22,468,1991,31.65
160,1,22,468,1992,34.01
160,1,22,468,1993,36.93
160,1,22,468,1994,39.99
160,1,22,468,1995,42.47
160,1,22,468,1996,44.08
160,1,22,468,1997,45.25
160,1,22,468,1998,46.2
160,1,22,468,1999,47.34
160,1,22,468,2000,48.95
160,1,22,468,2001,51.27
160,1,22,468,2002,53.36
160,1,22,468,2003,55.67
160,1,22,468,2004,58.12
160,1,22,468,2005,60.33
160,1,22,468,2006,61.55
160,1,22,468,2007,62.17
160,1,22,468,2008,62.75
160,1,22,468,2009,63.01
160,1,22,468,2010,63.57
160,1,22,468,2011,64.69
160,1,22,468,2012,66.13
160,1,22,468,2013,68.03
160,1,22,468,2014,70.18
160,1,22,468,2015,72.5
160,1,22,468,2016,74.77
160,3,22,468,1990,30.01
160,3,22,468,1991,31.65
160,3,22,468,1992,34.01
160,3,22,468,1993,36.93
160,3,22,468,1994,39.99
160,3,22,468,1995,42.47
160,3,22,468,1996,44.08
160,3,22,468,1997,45.25
160,3,22,468,1998,46.2
160,3,22,468,1999,47.34
160,3,22,468,2000,48.95
160,3,22,468,2001,51.27
160,3,22,468,2002,53.36
160,3,22,468,2003,55.67
160,3,22,468,2004,58.12
160,3,22,468,2005,60.33
160,3,22,468,2006,61.55
160,3,22,468,2007,62.17
160,3,22,468,2008,62.75
160,3,22,468,2009,63.01
160,3,22,468,2010,63.57
160,3,22,468,2011,64.69
160,3,22,468,2012,66.13
160,3,22,468,2013,68.03
160,3,22,468,2014,70.18
160,3,22,468,2015,72.5
160,3,22,468,2016,74.77
161,1,22,468,1990,55.93
161,1,22,468,1991,55.07
161,1,22,468,1992,56.12
161,1,22,468,1993,56.8
161,1,22,468,1994,57.4
161,1,22,468,1995,59.05
161,1,22,468,1996,59.48
161,1,22,468,1997,59.24
161,1,22,468,1998,59.55
161,1,22,468,1999,60.63
161,1,22,468,2000,65.27
161,1,22,468,2001,67.56
161,1,22,468,2002,72.22
161,1,22,468,2003,78.14
161,1,22,468,2004,85.27
161,1,22,468,2005,99.65
161,1,22,468,2006,115.8
161,1,22,468,2007,128.44
161,1,22,468,2008,140.21
161,1,22,468,2009,152.7
161,1,22,468,2010,174.17
161,1,22,468,2011,191.8
161,1,22,468,2012,213.27
161,1,22,468,2013,229.13
161,1,22,468,2014,241.87
161,1,22,468,2015,246.68
161,1,22,468,2016,255.31
161,3,22,468,1990,55.93
161,3,22,468,1991,55.07
161,3,22,468,1992,56.12
161,3,22,468,1993,56.8
161,3,22,468,1994,57.4
161,3,22,468,1995,59.05
161,3,22,468,1996,59.48
161,3,22,468,1997,59.24
161,3,22,468,1998,59.55
161,3,22,468,1999,60.63
161,3,22,468,2000,65.27
161,3,22,468,2001,67.56
161,3,22,468,2002,72.22
161,3,22,468,2003,78.14
161,3,22,468,2004,85.27
161,3,22,468,2005,99.65
161,3,22,468,2006,115.8
161,3,22,468,2007,128.44
161,3,22,468,2008,140.21
161,3,22,468,2009,152.7
161,3,22,468,2010,174.17
161,3,22,468,2011,191.8
161,3,22,468,2012,213.27
161,3,22,468,2013,229.13
161,3,22,468,2014,241.87
161,3,22,468,2015,246.68
161,3,22,468,2016,255.31
162,1,22,468,1990,0.95
162,1,22,468,1991,0.91
162,1,22,468,1992,0.87
162,1,22,468,1993,0.82
162,1,22,468,1994,0.78
162,1,22,468,1995,0.74
162,1,22,468,1996,0.69
162,1,22,468,1997,0.68
162,1,22,468,1998,0.68
162,1,22,468,1999,0.64
162,1,22,468,2000,0.65
162,1,22,468,2001,0.66
162,1,22,468,2002,0.67
162,1,22,468,2003,0.71
162,1,22,468,2004,0.75
162,1,22,468,2005,0.79
162,1,22,468,2006,0.82
162,1,22,468,2007,0.85
162,1,22,468,2008,0.88
162,1,22,468,2009,0.94
162,1,22,468,2010,0.99
162,1,22,468,2011,1.03
162,1,22,468,2012,1.08
162,1,22,468,2013,1.14
162,1,22,468,2014,1.19
162,1,22,468,2015,1.24
162,1,22,468,2016,1.29
162,3,22,468,1990,0.95
162,3,22,468,1991,0.91
162,3,22,468,1992,0.87
162,3,22,468,1993,0.82
162,3,22,468,1994,0.78
162,3,22,468,1995,0.74
162,3,22,468,1996,0.69
162,3,22,468,1997,0.68
162,3,22,468,1998,0.68
162,3,22,468,1999,0.64
162,3,22,468,2000,0.65
162,3,22,468,2001,0.66
162,3,22,468,2002,0.67
162,3,22,468,2003,0.71
162,3,22,468,2004,0.75
162,3,22,468,2005,0.79
162,3,22,468,2006,0.82
162,3,22,468,2007,0.85
162,3,22,468,2008,0.88
162,3,22,468,2009,0.94
162,3,22,468,2010,0.99
162,3,22,468,2011,1.03
162,3,22,468,2012,1.08
162,3,22,468,2013,1.14
162,3,22,468,2014,1.19
162,3,22,468,2015,1.24
162,3,22,468,2016,1.29
163,1,22,468,1990,2438.77
163,1,22,468,1991,2477.89
163,1,22,468,1992,2478.76
163,1,22,468,1993,2487.1
163,1,22,468,1994,2518.76
163,1,22,468,1995,2554.97
163,1,22,468,1996,2551.62
163,1,22,468,1997,2532.75
163,1,22,468,1998,2510.61
163,1,22,468,1999,2448.17
163,1,22,468,2000,2403.42
163,1,22,468,2001,2342.22
163,1,22,468,2002,2306.2
163,1,22,468,2003,2286.94
163,1,22,468,2004,2282.23
163,1,22,468,2005,2281.04
163,1,22,468,2006,2296.2
163,1,22,468,2007,2293.54
163,1,22,468,2008,2336.56
163,1,22,468,2009,2364.72
163,1,22,468,2010,2444.08
163,1,22,468,2011,2496.1
163,1,22,468,2012,2549.39
163,1,22,468,2013,2585.82
163,1,22,468,2014,2699.79
163,1,22,468,2015,2811.99
163,1,22,468,2016,2936.07
163,3,22,468,1990,2438.77
163,3,22,468,1991,2477.89
163,3,22,468,1992,2478.76
163,3,22,468,1993,2487.1
163,3,22,468,1994,2518.76
163,3,22,468,1995,2554.97
163,3,22,468,1996,2551.62
163,3,22,468,1997,2532.75
163,3,22,468,1998,2510.61
163,3,22,468,1999,2448.17
163,3,22,468,2000,2403.42
163,3,22,468,2001,2342.22
163,3,22,468,2002,2306.2
163,3,22,468,2003,2286.94
163,3,22,468,2004,2282.23
163,3,22,468,2005,2281.04
163,3,22,468,2006,2296.2
163,3,22,468,2007,2293.54
163,3,22,468,2008,2336.56
163,3,22,468,2009,2364.72
163,3,22,468,2010,2444.08
163,3,22,468,2011,2496.1
163,3,22,468,2012,2549.39
163,3,22,468,2013,2585.82
163,3,22,468,2014,2699.79
163,3,22,468,2015,2811.99
163,3,22,468,2016,2936.07
164,1,22,468,1990,40.29
164,1,22,468,1991,40.21
164,1,22,468,1992,39.23
164,1,22,468,1993,40.38
164,1,22,468,1994,40.26
164,1,22,468,1995,40.3
164,1,22,468,1996,38.77
164,1,22,468,1997,38.36
164,1,22,468,1998,37.23
164,1,22,468,1999,34.52
164,1,22,468,2000,33.4
164,1,22,468,2001,31.5
164,1,22,468,2002,30.44
164,1,22,468,2003,29.32
164,1,22,468,2004,28.7
164,1,22,468,2005,28.32
164,1,22,468,2006,27.94
164,1,22,468,2007,27.54
164,1,22,468,2008,27.14
164,1,22,468,2009,26.8
164,1,22,468,2010,26.52
164,1,22,468,2011,26.34
164,1,22,468,2012,26.31
164,1,22,468,2013,26.33
164,1,22,468,2014,26.48
164,1,22,468,2015,26.73
164,1,22,468,2016,27.36
164,3,22,468,1990,40.29
164,3,22,468,1991,40.21
164,3,22,468,1992,39.23
164,3,22,468,1993,40.38
164,3,22,468,1994,40.26
164,3,22,468,1995,40.3
164,3,22,468,1996,38.77
164,3,22,468,1997,38.36
164,3,22,468,1998,37.23
164,3,22,468,1999,34.52
164,3,22,468,2000,33.4
164,3,22,468,2001,31.5
164,3,22,468,2002,30.44
164,3,22,468,2003,29.32
164,3,22,468,2004,28.7
164,3,22,468,2005,28.32
164,3,22,468,2006,27.94
164,3,22,468,2007,27.54
164,3,22,468,2008,27.14
164,3,22,468,2009,26.8
164,3,22,468,2010,26.52
164,3,22,468,2011,26.34
164,3,22,468,2012,26.31
164,3,22,468,2013,26.33
164,3,22,468,2014,26.48
164,3,22,468,2015,26.73
164,3,22,468,2016,27.36
165,1,22,468,1990,299.02
165,1,22,468,1991,309.23
165,1,22,468,1992,321.16
165,1,22,468,1993,337.14
165,1,22,468,1994,354.7
165,1,22,468,1995,373.86
165,1,22,468,1996,384.5
165,1,22,468,1997,428.73
165,1,22,468,1998,467.23
165,1,22,468,1999,511.58
165,1,22,468,2000,558.92
165,1,22,468,2001,568.87
165,1,22,468,2002,585.25
165,1,22,468,2003,603.17
165,1,22,468,2004,623.43
165,1,22,468,2005,641.14
165,1,22,468,2006,654.39
165,1,22,468,2007,666.93
165,1,22,468,2008,682.45
165,1,22,468,2009,700.24
165,1,22,468,2010,720.4
165,1,22,468,2011,739.82
165,1,22,468,2012,764.75
165,1,22,468,2013,795.02
165,1,22,468,2014,833.25
165,1,22,468,2015,875.63
165,1,22,468,2016,913.64
165,3,22,468,1990,299.02
165,3,22,468,1991,309.23
165,3,22,468,1992,321.16
165,3,22,468,1993,337.14
165,3,22,468,1994,354.7
165,3,22,468,1995,373.86
165,3,22,468,1996,384.5
165,3,22,468,1997,428.73
165,3,22,468,1998,467.23
165,3,22,468,1999,511.58
165,3,22,468,2000,558.92
165,3,22,468,2001,568.87
165,3,22,468,2002,585.25
165,3,22,468,2003,603.17
165,3,22,468,2004,623.43
165,3,22,468,2005,641.14
165,3,22,468,2006,654.39
165,3,22,468,2007,666.93
165,3,22,468,2008,682.45
165,3,22,468,2009,700.24
165,3,22,468,2010,720.4
165,3,22,468,2011,739.82
165,3,22,468,2012,764.75
165,3,22,468,2013,795.02
165,3,22,468,2014,833.25
165,3,22,468,2015,875.63
165,3,22,468,2016,913.64
168,1,22,468,1990,19.36
168,1,22,468,1991,19.6
168,1,22,468,1992,19.91
168,1,22,468,1993,20.4
168,1,22,468,1994,20.93
168,1,22,468,1995,21.57
168,1,22,468,1996,21.78
168,1,22,468,1997,21.75
168,1,22,468,1998,21.76
168,1,22,468,1999,21.76
168,1,22,468,2000,21.89
168,1,22,468,2001,21.82
168,1,22,468,2002,21.69
168,1,22,468,2003,21.95
168,1,22,468,2004,21.98
168,1,22,468,2005,21.99
168,1,22,468,2006,21.87
168,1,22,468,2007,21.76
168,1,22,468,2008,21.7
168,1,22,468,2009,21.66
168,1,22,468,2010,21.62
168,1,22,468,2011,21.66
168,1,22,468,2012,21.83
168,1,22,468,2013,22.03
168,1,22,468,2014,22.29
168,1,22,468,2015,22.54
168,1,22,468,2016,23.27
168,3,22,468,1990,19.36
168,3,22,468,1991,19.6
168,3,22,468,1992,19.91
168,3,22,468,1993,20.4
168,3,22,468,1994,20.93
168,3,22,468,1995,21.57
168,3,22,468,1996,21.78
168,3,22,468,1997,21.75
168,3,22,468,1998,21.76
168,3,22,468,1999,21.76
168,3,22,468,2000,21.89
168,3,22,468,2001,21.82
168,3,22,468,2002,21.69
168,3,22,468,2003,21.95
168,3,22,468,2004,21.98
168,3,22,468,2005,21.99
168,3,22,468,2006,21.87
168,3,22,468,2007,21.76
168,3,22,468,2008,21.7
168,3,22,468,2009,21.66
168,3,22,468,2010,21.62
168,3,22,468,2011,21.66
168,3,22,468,2012,21.83
168,3,22,468,2013,22.03
168,3,22,468,2014,22.29
168,3,22,468,2015,22.54
168,3,22,468,2016,23.27
169,1,22,468,1990,6.92
169,1,22,468,1991,7.19
169,1,22,468,1992,7.45
169,1,22,468,1993,7.66
169,1,22,468,1994,7.99
169,1,22,468,1995,8.31
169,1,22,468,1996,8.6
169,1,22,468,1997,8.86
169,1,22,468,1998,9.09
169,1,22,468,1999,9.33
169,1,22,468,2000,9.58
169,1,22,468,2001,9.75
169,1,22,468,2002,9.93
169,1,22,468,2003,10.12
169,1,22,468,2004,10.31
169,1,22,468,2005,10.49
169,1,22,468,2006,10.65
169,1,22,468,2007,10.8
169,1,22,468,2008,10.95
169,1,22,468,2009,11.13
169,1,22,468,2010,11.39
169,1,22,468,2011,11.63
169,1,22,468,2012,11.86
169,1,22,468,2013,12.2
169,1,22,468,2014,12.53
169,1,22,468,2015,12.87
169,1,22,468,2016,13.21
169,3,22,468,1990,6.92
169,3,22,468,1991,7.19
169,3,22,468,1992,7.45
169,3,22,468,1993,7.66
169,3,22,468,1994,7.99
169,3,22,468,1995,8.31
169,3,22,468,1996,8.6
169,3,22,468,1997,8.86
169,3,22,468,1998,9.09
169,3,22,468,1999,9.33
169,3,22,468,2000,9.58
169,3,22,468,2001,9.75
169,3,22,468,2002,9.93
169,3,22,468,2003,10.12
169,3,22,468,2004,10.31
169,3,22,468,2005,10.49
169,3,22,468,2006,10.65
169,3,22,468,2007,10.8
169,3,22,468,2008,10.95
169,3,22,468,2009,11.13
169,3,22,468,2010,11.39
169,3,22,468,2011,11.63
169,3,22,468,2012,11.86
169,3,22,468,2013,12.2
169,3,22,468,2014,12.53
169,3,22,468,2015,12.87
169,3,22,468,2016,13.21
170,1,22,468,1990,4.41
170,1,22,468,1991,4.37
170,1,22,468,1992,4.47
170,1,22,468,1993,4.67
170,1,22,468,1994,4.78
170,1,22,468,1995,5.02
170,1,22,468,1996,5.13
170,1,22,468,1997,5.23
170,1,22,468,1998,5.35
170,1,22,468,1999,5.36
170,1,22,468,2000,5.27
170,1,22,468,2001,5.18
170,1,22,468,2002,5.02
170,1,22,468,2003,5.02
170,1,22,468,2004,4.91
170,1,22,468,2005,4.72
170,1,22,468,2006,4.66
170,1,22,468,2007,4.73
170,1,22,468,2008,4.82
170,1,22,468,2009,4.85
170,1,22,468,2010,4.82
170,1,22,468,2011,4.95
170,1,22,468,2012,5.12
170,1,22,468,2013,5.32
170,1,22,468,2014,5.53
170,1,22,468,2015,5.75
170,1,22,468,2016,5.97
170,3,22,468,1990,4.41
170,3,22,468,1991,4.37
170,3,22,468,1992,4.47
170,3,22,468,1993,4.67
170,3,22,468,1994,4.78
170,3,22,468,1995,5.02
170,3,22,468,1996,5.13
170,3,22,468,1997,5.23
170,3,22,468,1998,5.35
170,3,22,468,1999,5.36
170,3,22,468,2000,5.27
170,3,22,468,2001,5.18
170,3,22,468,2002,5.02
170,3,22,468,2003,5.02
170,3,22,468,2004,4.91
170,3,22,468,2005,4.72
170,3,22,468,2006,4.66
170,3,22,468,2007,4.73
170,3,22,468,2008,4.82
170,3,22,468,2009,4.85
170,3,22,468,2010,4.82
170,3,22,468,2011,4.95
170,3,22,468,2012,5.12
170,3,22,468,2013,5.32
170,3,22,468,2014,5.53
170,3,22,468,2015,5.75
170,3,22,468,2016,5.97
171,1,22,468,1990,46.04
171,1,22,468,1991,47.98
171,1,22,468,1992,50.05
171,1,22,468,1993,50.95
171,1,22,468,1994,54.08
171,1,22,468,1995,56.81
171,1,22,468,1996,60.74
171,1,22,468,1997,60.9
171,1,22,468,1998,62.59
171,1,22,468,1999,63.91
171,1,22,468,2000,66.34
171,1,22,468,2001,67.74
171,1,22,468,2002,67.48
171,1,22,468,2003,71.3
171,1,22,468,2004,70.79
171,1,22,468,2005,71.33
171,1,22,468,2006,72.32
171,1,22,468,2007,73.98
171,1,22,468,2008,77.34
171,1,22,468,2009,79.21
171,1,22,468,2010,81.77
171,1,22,468,2011,84.03
171,1,22,468,2012,85.89
171,1,22,468,2013,86.9
171,1,22,468,2014,88.02
171,1,22,468,2015,89.6
171,1,22,468,2016,91.31
171,3,22,468,1990,46.04
171,3,22,468,1991,47.98
171,3,22,468,1992,50.05
171,3,22,468,1993,50.95
171,3,22,468,1994,54.08
171,3,22,468,1995,56.81
171,3,22,468,1996,60.74
171,3,22,468,1997,60.9
171,3,22,468,1998,62.59
171,3,22,468,1999,63.91
171,3,22,468,2000,66.34
171,3,22,468,2001,67.74
171,3,22,468,2002,67.48
171,3,22,468,2003,71.3
171,3,22,468,2004,70.79
171,3,22,468,2005,71.33
171,3,22,468,2006,72.32
171,3,22,468,2007,73.98
171,3,22,468,2008,77.34
171,3,22,468,2009,79.21
171,3,22,468,2010,81.77
171,3,22,468,2011,84.03
171,3,22,468,2012,85.89
171,3,22,468,2013,86.9
171,3,22,468,2014,88.02
171,3,22,468,2015,89.6
171,3,22,468,2016,91.31
172,1,22,468,1990,1.06
172,1,22,468,1991,1.07
172,1,22,468,1992,1.08
172,1,22,468,1993,1.08
172,1,22,468,1994,1.08
172,1,22,468,1995,1.09
172,1,22,468,1996,1.06
172,1,22,468,1997,0.99
172,1,22,468,1998,0.94
172,1,22,468,1999,0.9
172,1,22,468,2000,0.87
172,1,22,468,2001,0.84
172,1,22,468,2002,0.81
172,1,22,468,2003,0.82
172,1,22,468,2004,0.84
172,1,22,468,2005,0.87
172,1,22,468,2006,0.91
172,1,22,468,2007,0.96
172,1,22,468,2008,1.02
172,1,22,468,2009,1.07
172,1,22,468,2010,1.14
172,1,22,468,2011,1.23
172,1,22,468,2012,1.3
172,1,22,468,2013,1.38
172,1,22,468,2014,1.49
172,1,22,468,2015,1.6
172,1,22,468,2016,1.71
172,3,22,468,1990,1.06
172,3,22,468,1991,1.07
172,3,22,468,1992,1.08
172,3,22,468,1993,1.08
172,3,22,468,1994,1.08
172,3,22,468,1995,1.09
172,3,22,468,1996,1.06
172,3,22,468,1997,0.99
172,3,22,468,1998,0.94
172,3,22,468,1999,0.9
172,3,22,468,2000,0.87
172,3,22,468,2001,0.84
172,3,22,468,2002,0.81
172,3,22,468,2003,0.82
172,3,22,468,2004,0.84
172,3,22,468,2005,0.87
172,3,22,468,2006,0.91
172,3,22,468,2007,0.96
172,3,22,468,2008,1.02
172,3,22,468,2009,1.07
172,3,22,468,2010,1.14
172,3,22,468,2011,1.23
172,3,22,468,2012,1.3
172,3,22,468,2013,1.38
172,3,22,468,2014,1.49
172,3,22,468,2015,1.6
172,3,22,468,2016,1.71
173,1,22,468,1990,1.48
173,1,22,468,1991,1.48
173,1,22,468,1992,1.54
173,1,22,468,1993,1.6
173,1,22,468,1994,1.66
173,1,22,468,1995,1.78
173,1,22,468,1996,1.82
173,1,22,468,1997,1.85
173,1,22,468,1998,1.89
173,1,22,468,1999,1.93
173,1,22,468,2000,2.01
173,1,22,468,2001,2.05
173,1,22,468,2002,2.02
173,1,22,468,2003,2.09
173,1,22,468,2004,2.15
173,1,22,468,2005,2.22
173,1,22,468,2006,2.26
173,1,22,468,2007,2.32
173,1,22,468,2008,2.47
173,1,22,468,2009,2.55
173,1,22,468,2010,2.56
173,1,22,468,2011,2.67
173,1,22,468,2012,2.79
173,1,22,468,2013,2.93
173,1,22,468,2014,3.04
173,1,22,468,2015,3.16
173,1,22,468,2016,3.27
173,3,22,468,1990,1.48
173,3,22,468,1991,1.48
173,3,22,468,1992,1.54
173,3,22,468,1993,1.6
173,3,22,468,1994,1.66
173,3,22,468,1995,1.78
173,3,22,468,1996,1.82
173,3,22,468,1997,1.85
173,3,22,468,1998,1.89
173,3,22,468,1999,1.93
173,3,22,468,2000,2.01
173,3,22,468,2001,2.05
173,3,22,468,2002,2.02
173,3,22,468,2003,2.09
173,3,22,468,2004,2.15
173,3,22,468,2005,2.22
173,3,22,468,2006,2.26
173,3,22,468,2007,2.32
173,3,22,468,2008,2.47
173,3,22,468,2009,2.55
173,3,22,468,2010,2.56
173,3,22,468,2011,2.67
173,3,22,468,2012,2.79
173,3,22,468,2013,2.93
173,3,22,468,2014,3.04
173,3,22,468,2015,3.16
173,3,22,468,2016,3.27
175,1,22,468,1990,9.52
175,1,22,468,1991,9.59
175,1,22,468,1992,9.64
175,1,22,468,1993,9.72
175,1,22,468,1994,9.8
175,1,22,468,1995,9.99
175,1,22,468,1996,9.9
175,1,22,468,1997,9.7
175,1,22,468,1998,9.52
175,1,22,468,1999,9.2
175,1,22,468,2000,9.17
175,1,22,468,2001,8.89
175,1,22,468,2002,8.89
175,1,22,468,2003,8.95
175,1,22,468,2004,9.1
175,1,22,468,2005,9.29
175,1,22,468,2006,9.3
175,1,22,468,2007,9.36
175,1,22,468,2008,9.43
175,1,22,468,2009,9.52
175,1,22,468,2010,9.78
175,1,22,468,2011,10
175,1,22,468,2012,10.26
175,1,22,468,2013,10.54
175,1,22,468,2014,10.84
175,1,22,468,2015,11.18
175,1,22,468,2016,11.51
175,3,22,468,1990,9.52
175,3,22,468,1991,9.59
175,3,22,468,1992,9.64
175,3,22,468,1993,9.72
175,3,22,468,1994,9.8
175,3,22,468,1995,9.99
175,3,22,468,1996,9.9
175,3,22,468,1997,9.7
175,3,22,468,1998,9.52
175,3,22,468,1999,9.2
175,3,22,468,2000,9.17
175,3,22,468,2001,8.89
175,3,22,468,2002,8.89
175,3,22,468,2003,8.95
175,3,22,468,2004,9.1
175,3,22,468,2005,9.29
175,3,22,468,2006,9.3
175,3,22,468,2007,9.36
175,3,22,468,2008,9.43
175,3,22,468,2009,9.52
175,3,22,468,2010,9.78
175,3,22,468,2011,10
175,3,22,468,2012,10.26
175,3,22,468,2013,10.54
175,3,22,468,2014,10.84
175,3,22,468,2015,11.18
175,3,22,468,2016,11.51
176,1,22,468,1990,0.44
176,1,22,468,1991,0.45
176,1,22,468,1992,0.46
176,1,22,468,1993,0.46
176,1,22,468,1994,0.48
176,1,22,468,1995,0.49
176,1,22,468,1996,0.5
176,1,22,468,1997,0.51
176,1,22,468,1998,0.51
176,1,22,468,1999,0.49
176,1,22,468,2000,0.49
176,1,22,468,2001,0.48
176,1,22,468,2002,0.48
176,1,22,468,2003,0.47
176,1,22,468,2004,0.48
176,1,22,468,2005,0.48
176,1,22,468,2006,0.49
176,1,22,468,2007,0.5
176,1,22,468,2008,0.52
176,1,22,468,2009,0.53
176,1,22,468,2010,0.55
176,1,22,468,2011,0.57
176,1,22,468,2012,0.59
176,1,22,468,2013,0.62
176,1,22,468,2014,0.64
176,1,22,468,2015,0.67
176,1,22,468,2016,0.69
176,3,22,468,1990,0.44
176,3,22,468,1991,0.45
176,3,22,468,1992,0.46
176,3,22,468,1993,0.46
176,3,22,468,1994,0.48
176,3,22,468,1995,0.49
176,3,22,468,1996,0.5
176,3,22,468,1997,0.51
176,3,22,468,1998,0.51
176,3,22,468,1999,0.49
176,3,22,468,2000,0.49
176,3,22,468,2001,0.48
176,3,22,468,2002,0.48
176,3,22,468,2003,0.47
176,3,22,468,2004,0.48
176,3,22,468,2005,0.48
176,3,22,468,2006,0.49
176,3,22,468,2007,0.5
176,3,22,468,2008,0.52
176,3,22,468,2009,0.53
176,3,22,468,2010,0.55
176,3,22,468,2011,0.57
176,3,22,468,2012,0.59
176,3,22,468,2013,0.62
176,3,22,468,2014,0.64
176,3,22,468,2015,0.67
176,3,22,468,2016,0.69
177,1,22,468,1990,0.68
177,1,22,468,1991,0.72
177,1,22,468,1992,0.75
177,1,22,468,1993,0.78
177,1,22,468,1994,0.81
177,1,22,468,1995,0.84
177,1,22,468,1996,0.86
177,1,22,468,1997,0.88
177,1,22,468,1998,0.9
177,1,22,468,1999,0.9
177,1,22,468,2000,0.91
177,1,22,468,2001,0.9
177,1,22,468,2002,0.9
177,1,22,468,2003,0.9
177,1,22,468,2004,0.9
177,1,22,468,2005,0.91
177,1,22,468,2006,0.91
177,1,22,468,2007,0.92
177,1,22,468,2008,0.94
177,1,22,468,2009,0.95
177,1,22,468,2010,0.96
177,1,22,468,2011,0.97
177,1,22,468,2012,0.97
177,1,22,468,2013,0.98
177,1,22,468,2014,0.98
177,1,22,468,2015,0.98
177,1,22,468,2016,0.99
177,3,22,468,1990,0.68
177,3,22,468,1991,0.72
177,3,22,468,1992,0.75
177,3,22,468,1993,0.78
177,3,22,468,1994,0.81
177,3,22,468,1995,0.84
177,3,22,468,1996,0.86
177,3,22,468,1997,0.88
177,3,22,468,1998,0.9
177,3,22,468,1999,0.9
177,3,22,468,2000,0.91
177,3,22,468,2001,0.9
177,3,22,468,2002,0.9
177,3,22,468,2003,0.9
177,3,22,468,2004,0.9
177,3,22,468,2005,0.91
177,3,22,468,2006,0.91
177,3,22,468,2007,0.92
177,3,22,468,2008,0.94
177,3,22,468,2009,0.95
177,3,22,468,2010,0.96
177,3,22,468,2011,0.97
177,3,22,468,2012,0.97
177,3,22,468,2013,0.98
177,3,22,468,2014,0.98
177,3,22,468,2015,0.98
177,3,22,468,2016,0.99
178,1,22,468,1990,4.43
178,1,22,468,1991,4.27
178,1,22,468,1992,3.97
178,1,22,468,1993,3.68
178,1,22,468,1994,3.51
178,1,22,468,1995,3.36
178,1,22,468,1996,3.31
178,1,22,468,1997,3.29
178,1,22,468,1998,3.3
178,1,22,468,1999,3.33
178,1,22,468,2000,3.4
178,1,22,468,2001,3.51
178,1,22,468,2002,3.63
178,1,22,468,2003,3.77
178,1,22,468,2004,3.92
178,1,22,468,2005,4.08
178,1,22,468,2006,4.2
178,1,22,468,2007,4.33
178,1,22,468,2008,4.46
178,1,22,468,2009,4.59
178,1,22,468,2010,4.7
178,1,22,468,2011,4.82
178,1,22,468,2012,4.92
178,1,22,468,2013,5.03
178,1,22,468,2014,5.14
178,1,22,468,2015,5.26
178,1,22,468,2016,5.4
178,3,22,468,1990,4.43
178,3,22,468,1991,4.27
178,3,22,468,1992,3.97
178,3,22,468,1993,3.68
178,3,22,468,1994,3.51
178,3,22,468,1995,3.36
178,3,22,468,1996,3.31
178,3,22,468,1997,3.29
178,3,22,468,1998,3.3
178,3,22,468,1999,3.33
178,3,22,468,2000,3.4
178,3,22,468,2001,3.51
178,3,22,468,2002,3.63
178,3,22,468,2003,3.77
178,3,22,468,2004,3.92
178,3,22,468,2005,4.08
178,3,22,468,2006,4.2
178,3,22,468,2007,4.33
178,3,22,468,2008,4.46
178,3,22,468,2009,4.59
178,3,22,468,2010,4.7
178,3,22,468,2011,4.82
178,3,22,468,2012,4.92
178,3,22,468,2013,5.03
178,3,22,468,2014,5.14
178,3,22,468,2015,5.26
178,3,22,468,2016,5.4
179,1,22,468,1990,90.92
179,1,22,468,1991,91.21
179,1,22,468,1992,91.56
179,1,22,468,1993,91.84
179,1,22,468,1994,92.17
179,1,22,468,1995,93.59
179,1,22,468,1996,90.66
179,1,22,468,1997,89.47
179,1,22,468,1998,87.35
179,1,22,468,1999,83.01
179,1,22,468,2000,80.76
179,1,22,468,2001,78.63
179,1,22,468,2002,76.56
179,1,22,468,2003,76.43
179,1,22,468,2004,75.84
179,1,22,468,2005,75.74
179,1,22,468,2006,74.97
179,1,22,468,2007,82.46
179,1,22,468,2008,69.73
179,1,22,468,2009,62.81
179,1,22,468,2010,61.5
179,1,22,468,2011,67.42
179,1,22,468,2012,74.48
179,1,22,468,2013,68.53
179,1,22,468,2014,70.4
179,1,22,468,2015,71.69
179,1,22,468,2016,73.77
179,3,22,468,1990,90.92
179,3,22,468,1991,91.21
179,3,22,468,1992,91.56
179,3,22,468,1993,91.84
179,3,22,468,1994,92.17
179,3,22,468,1995,93.59
179,3,22,468,1996,90.66
179,3,22,468,1997,89.47
179,3,22,468,1998,87.35
179,3,22,468,1999,83.01
179,3,22,468,2000,80.76
179,3,22,468,2001,78.63
179,3,22,468,2002,76.56
179,3,22,468,2003,76.43
179,3,22,468,2004,75.84
179,3,22,468,2005,75.74
179,3,22,468,2006,74.97
179,3,22,468,2007,82.46
179,3,22,468,2008,69.73
179,3,22,468,2009,62.81
179,3,22,468,2010,61.5
179,3,22,468,2011,67.42
179,3,22,468,2012,74.48
179,3,22,468,2013,68.53
179,3,22,468,2014,70.4
179,3,22,468,2015,71.69
179,3,22,468,2016,73.77
180,1,22,468,1990,16.32
180,1,22,468,1991,17.24
180,1,22,468,1992,18.42
180,1,22,468,1993,19.56
180,1,22,468,1994,20.51
180,1,22,468,1995,21.51
180,1,22,468,1996,22.64
180,1,22,468,1997,23.61
180,1,22,468,1998,25
180,1,22,468,1999,26.17
180,1,22,468,2000,27.56
180,1,22,468,2001,30.34
180,1,22,468,2002,36.44
180,1,22,468,2003,46
180,1,22,468,2004,53.4
180,1,22,468,2005,58.98
180,1,22,468,2006,63.42
180,1,22,468,2007,66.49
180,1,22,468,2008,67.03
180,1,22,468,2009,68.41
180,1,22,468,2010,69.92
180,1,22,468,2011,72.08
180,1,22,468,2012,74.63
180,1,22,468,2013,76.22
180,1,22,468,2014,78.79
180,1,22,468,2015,81.55
180,1,22,468,2016,84.44
180,3,22,468,1990,16.32
180,3,22,468,1991,17.24
180,3,22,468,1992,18.42
180,3,22,468,1993,19.56
180,3,22,468,1994,20.51
180,3,22,468,1995,21.51
180,3,22,468,1996,22.64
180,3,22,468,1997,23.61
180,3,22,468,1998,25
180,3,22,468,1999,26.17
180,3,22,468,2000,27.56
180,3,22,468,2001,30.34
180,3,22,468,2002,36.44
180,3,22,468,2003,46
180,3,22,468,2004,53.4
180,3,22,468,2005,58.98
180,3,22,468,2006,63.42
180,3,22,468,2007,66.49
180,3,22,468,2008,67.03
180,3,22,468,2009,68.41
180,3,22,468,2010,69.92
180,3,22,468,2011,72.08
180,3,22,468,2012,74.63
180,3,22,468,2013,76.22
180,3,22,468,2014,78.79
180,3,22,468,2015,81.55
180,3,22,468,2016,84.44
181,1,22,468,1990,14.11
181,1,22,468,1991,14.3
181,1,22,468,1992,14.52
181,1,22,468,1993,15.17
181,1,22,468,1994,15.19
181,1,22,468,1995,15.45
181,1,22,468,1996,15.83
181,1,22,468,1997,16.07
181,1,22,468,1998,16.49
181,1,22,468,1999,16.56
181,1,22,468,2000,16.7
181,1,22,468,2001,16.81
181,1,22,468,2002,17.27
181,1,22,468,2003,17.88
181,1,22,468,2004,18.22
181,1,22,468,2005,18.52
181,1,22,468,2006,18.81
181,1,22,468,2007,19.06
181,1,22,468,2008,19.64
181,1,22,468,2009,20.3
181,1,22,468,2010,21.02
181,1,22,468,2011,21.63
181,1,22,468,2012,22.38
181,1,22,468,2013,23.12
181,1,22,468,2014,23.85
181,1,22,468,2015,24.58
181,1,22,468,2016,25.25
181,3,22,468,1990,14.11
181,3,22,468,1991,14.3
181,3,22,468,1992,14.52
181,3,22,468,1993,15.17
181,3,22,468,1994,15.19
181,3,22,468,1995,15.45
181,3,22,468,1996,15.83
181,3,22,468,1997,16.07
181,3,22,468,1998,16.49
181,3,22,468,1999,16.56
181,3,22,468,2000,16.7
181,3,22,468,2001,16.81
181,3,22,468,2002,17.27
181,3,22,468,2003,17.88
181,3,22,468,2004,18.22
181,3,22,468,2005,18.52
181,3,22,468,2006,18.81
181,3,22,468,2007,19.06
181,3,22,468,2008,19.64
181,3,22,468,2009,20.3
181,3,22,468,2010,21.02
181,3,22,468,2011,21.63
181,3,22,468,2012,22.38
181,3,22,468,2013,23.12
181,3,22,468,2014,23.85
181,3,22,468,2015,24.58
181,3,22,468,2016,25.25
182,1,22,468,1990,8.6
182,1,22,468,1991,8.78
182,1,22,468,1992,9.17
182,1,22,468,1993,9.44
182,1,22,468,1994,10.11
182,1,22,468,1995,10.64
182,1,22,468,1996,11.18
182,1,22,468,1997,11.82
182,1,22,468,1998,12.65
182,1,22,468,1999,13.17
182,1,22,468,2000,13.44
182,1,22,468,2001,13.64
182,1,22,468,2002,13.94
182,1,22,468,2003,14.35
182,1,22,468,2004,14.82
182,1,22,468,2005,15.16
182,1,22,468,2006,15.54
182,1,22,468,2007,15.93
182,1,22,468,2008,16.34
182,1,22,468,2009,16.63
182,1,22,468,2010,16.99
182,1,22,468,2011,17.24
182,1,22,468,2012,17.46
182,1,22,468,2013,17.71
182,1,22,468,2014,18.18
182,1,22,468,2015,18.73
182,1,22,468,2016,19.3
182,3,22,468,1990,8.6
182,3,22,468,1991,8.78
182,3,22,468,1992,9.17
182,3,22,468,1993,9.44
182,3,22,468,1994,10.11
182,3,22,468,1995,10.64
182,3,22,468,1996,11.18
182,3,22,468,1997,11.82
182,3,22,468,1998,12.65
182,3,22,468,1999,13.17
182,3,22,468,2000,13.44
182,3,22,468,2001,13.64
182,3,22,468,2002,13.94
182,3,22,468,2003,14.35
182,3,22,468,2004,14.82
182,3,22,468,2005,15.16
182,3,22,468,2006,15.54
182,3,22,468,2007,15.93
182,3,22,468,2008,16.34
182,3,22,468,2009,16.63
182,3,22,468,2010,16.99
182,3,22,468,2011,17.24
182,3,22,468,2012,17.46
182,3,22,468,2013,17.71
182,3,22,468,2014,18.18
182,3,22,468,2015,18.73
182,3,22,468,2016,19.3
183,1,22,468,1990,2.63
183,1,22,468,1991,2.76
183,1,22,468,1992,2.95
183,1,22,468,1993,2.69
183,1,22,468,1994,3.03
183,1,22,468,1995,3.35
183,1,22,468,1996,2.89
183,1,22,468,1997,2.89
183,1,22,468,1998,3.23
183,1,22,468,1999,3.25
183,1,22,468,2000,3.28
183,1,22,468,2001,3.05
183,1,22,468,2002,3.18
183,1,22,468,2003,3.81
183,1,22,468,2004,3.99
183,1,22,468,2005,5.43
183,1,22,468,2006,6.15
183,1,22,468,2007,6.39
183,1,22,468,2008,6.6
183,1,22,468,2009,6.51
183,1,22,468,2010,5.72
183,1,22,468,2011,6.7
183,1,22,468,2012,6.89
183,1,22,468,2013,5.59
183,1,22,468,2014,6.56
183,1,22,468,2015,6.48
183,1,22,468,2016,6.68
183,3,22,468,1990,2.63
183,3,22,468,1991,2.76
183,3,22,468,1992,2.95
183,3,22,468,1993,2.69
183,3,22,468,1994,3.03
183,3,22,468,1995,3.35
183,3,22,468,1996,2.89
183,3,22,468,1997,2.89
183,3,22,468,1998,3.23
183,3,22,468,1999,3.25
183,3,22,468,2000,3.28
183,3,22,468,2001,3.05
183,3,22,468,2002,3.18
183,3,22,468,2003,3.81
183,3,22,468,2004,3.99
183,3,22,468,2005,5.43
183,3,22,468,2006,6.15
183,3,22,468,2007,6.39
183,3,22,468,2008,6.6
183,3,22,468,2009,6.51
183,3,22,468,2010,5.72
183,3,22,468,2011,6.7
183,3,22,468,2012,6.89
183,3,22,468,2013,5.59
183,3,22,468,2014,6.56
183,3,22,468,2015,6.48
183,3,22,468,2016,6.68
184,1,22,468,1990,4.29
184,1,22,468,1991,4.42
184,1,22,468,1992,4.65
184,1,22,468,1993,4.94
184,1,22,468,1994,5.07
184,1,22,468,1995,5.26
184,1,22,468,1996,5.38
184,1,22,468,1997,5.55
184,1,22,468,1998,5.64
184,1,22,468,1999,5.81
184,1,22,468,2000,6.07
184,1,22,468,2001,6.06
184,1,22,468,2002,6.21
184,1,22,468,2003,6.28
184,1,22,468,2004,6.39
184,1,22,468,2005,6.58
184,1,22,468,2006,6.72
184,1,22,468,2007,6.89
184,1,22,468,2008,6.9
184,1,22,468,2009,7.02
184,1,22,468,2010,7.16
184,1,22,468,2011,7.24
184,1,22,468,2012,7.31
184,1,22,468,2013,7.35
184,1,22,468,2014,7.4
184,1,22,468,2015,7.46
184,1,22,468,2016,7.55
184,3,22,468,1990,4.29
184,3,22,468,1991,4.42
184,3,22,468,1992,4.65
184,3,22,468,1993,4.94
184,3,22,468,1994,5.07
184,3,22,468,1995,5.26
184,3,22,468,1996,5.38
184,3,22,468,1997,5.55
184,3,22,468,1998,5.64
184,3,22,468,1999,5.81
184,3,22,468,2000,6.07
184,3,22,468,2001,6.06
184,3,22,468,2002,6.21
184,3,22,468,2003,6.28
184,3,22,468,2004,6.39
184,3,22,468,2005,6.58
184,3,22,468,2006,6.72
184,3,22,468,2007,6.89
184,3,22,468,2008,6.9
184,3,22,468,2009,7.02
184,3,22,468,2010,7.16
184,3,22,468,2011,7.24
184,3,22,468,2012,7.31
184,3,22,468,2013,7.35
184,3,22,468,2014,7.4
184,3,22,468,2015,7.46
184,3,22,468,2016,7.55
185,1,22,468,1990,8.08
185,1,22,468,1991,8.22
185,1,22,468,1992,8.34
185,1,22,468,1993,8.36
185,1,22,468,1994,8.57
185,1,22,468,1995,8.97
185,1,22,468,1996,9.32
185,1,22,468,1997,9.72
185,1,22,468,1998,9.72
185,1,22,468,1999,9.28
185,1,22,468,2000,8.81
185,1,22,468,2001,8.2
185,1,22,468,2002,7.76
185,1,22,468,2003,7.28
185,1,22,468,2004,6.93
185,1,22,468,2005,6.64
185,1,22,468,2006,6.48
185,1,22,468,2007,6.36
185,1,22,468,2008,6.25
185,1,22,468,2009,6.22
185,1,22,468,2010,6.33
185,1,22,468,2011,6.47
185,1,22,468,2012,6.69
185,1,22,468,2013,6.95
185,1,22,468,2014,7.18
185,1,22,468,2015,7.39
185,1,22,468,2016,7.65
185,3,22,468,1990,8.08
185,3,22,468,1991,8.22
185,3,22,468,1992,8.34
185,3,22,468,1993,8.36
185,3,22,468,1994,8.57
185,3,22,468,1995,8.97
185,3,22,468,1996,9.32
185,3,22,468,1997,9.72
185,3,22,468,1998,9.72
185,3,22,468,1999,9.28
185,3,22,468,2000,8.81
185,3,22,468,2001,8.2
185,3,22,468,2002,7.76
185,3,22,468,2003,7.28
185,3,22,468,2004,6.93
185,3,22,468,2005,6.64
185,3,22,468,2006,6.48
185,3,22,468,2007,6.36
185,3,22,468,2008,6.25
185,3,22,468,2009,6.22
185,3,22,468,2010,6.33
185,3,22,468,2011,6.47
185,3,22,468,2012,6.69
185,3,22,468,2013,6.95
185,3,22,468,2014,7.18
185,3,22,468,2015,7.39
185,3,22,468,2016,7.65
186,1,22,468,1990,0.23
186,1,22,468,1991,0.25
186,1,22,468,1992,0.28
186,1,22,468,1993,0.3
186,1,22,468,1994,0.32
186,1,22,468,1995,0.34
186,1,22,468,1996,0.36
186,1,22,468,1997,0.38
186,1,22,468,1998,0.39
186,1,22,468,1999,0.39
186,1,22,468,2000,0.4
186,1,22,468,2001,0.41
186,1,22,468,2002,0.43
186,1,22,468,2003,0.44
186,1,22,468,2004,0.45
186,1,22,468,2005,0.44
186,1,22,468,2006,0.42
186,1,22,468,2007,0.41
186,1,22,468,2008,0.42
186,1,22,468,2009,0.42
186,1,22,468,2010,0.43
186,1,22,468,2011,0.43
186,1,22,468,2012,0.45
186,1,22,468,2013,0.48
186,1,22,468,2014,0.52
186,1,22,468,2015,0.54
186,1,22,468,2016,0.57
186,3,22,468,1990,0.23
186,3,22,468,1991,0.25
186,3,22,468,1992,0.28
186,3,22,468,1993,0.3
186,3,22,468,1994,0.32
186,3,22,468,1995,0.34
186,3,22,468,1996,0.36
186,3,22,468,1997,0.38
186,3,22,468,1998,0.39
186,3,22,468,1999,0.39
186,3,22,468,2000,0.4
186,3,22,468,2001,0.41
186,3,22,468,2002,0.43
186,3,22,468,2003,0.44
186,3,22,468,2004,0.45
186,3,22,468,2005,0.44
186,3,22,468,2006,0.42
186,3,22,468,2007,0.41
186,3,22,468,2008,0.42
186,3,22,468,2009,0.42
186,3,22,468,2010,0.43
186,3,22,468,2011,0.43
186,3,22,468,2012,0.45
186,3,22,468,2013,0.48
186,3,22,468,2014,0.52
186,3,22,468,2015,0.54
186,3,22,468,2016,0.57
187,1,22,468,1990,9.37
187,1,22,468,1991,9.26
187,1,22,468,1992,9.17
187,1,22,468,1993,9.1
187,1,22,468,1994,9.11
187,1,22,468,1995,9.21
187,1,22,468,1996,9.34
187,1,22,468,1997,9.57
187,1,22,468,1998,9.82
187,1,22,468,1999,10.02
187,1,22,468,2000,10.22
187,1,22,468,2001,10.29
187,1,22,468,2002,10.39
187,1,22,468,2003,10.5
187,1,22,468,2004,10.62
187,1,22,468,2005,10.78
187,1,22,468,2006,10.91
187,1,22,468,2007,11.05
187,1,22,468,2008,11.23
187,1,22,468,2009,11.42
187,1,22,468,2010,11.65
187,1,22,468,2011,11.83
187,1,22,468,2012,12.01
187,1,22,468,2013,12.24
187,1,22,468,2014,12.51
187,1,22,468,2015,12.81
187,1,22,468,2016,13.14
187,3,22,468,1990,9.37
187,3,22,468,1991,9.26
187,3,22,468,1992,9.17
187,3,22,468,1993,9.1
187,3,22,468,1994,9.11
187,3,22,468,1995,9.21
187,3,22,468,1996,9.34
187,3,22,468,1997,9.57
187,3,22,468,1998,9.82
187,3,22,468,1999,10.02
187,3,22,468,2000,10.22
187,3,22,468,2001,10.29
187,3,22,468,2002,10.39
187,3,22,468,2003,10.5
187,3,22,468,2004,10.62
187,3,22,468,2005,10.78
187,3,22,468,2006,10.91
187,3,22,468,2007,11.05
187,3,22,468,2008,11.23
187,3,22,468,2009,11.42
187,3,22,468,2010,11.65
187,3,22,468,2011,11.83
187,3,22,468,2012,12.01
187,3,22,468,2013,12.24
187,3,22,468,2014,12.51
187,3,22,468,2015,12.81
187,3,22,468,2016,13.14
189,1,22,468,1990,10.05
189,1,22,468,1991,10.39
189,1,22,468,1992,10.94
189,1,22,468,1993,11.36
189,1,22,468,1994,12.05
189,1,22,468,1995,12.32
189,1,22,468,1996,12.6
189,1,22,468,1997,12.83
189,1,22,468,1998,13.15
189,1,22,468,1999,13.62
189,1,22,468,2000,13.83
189,1,22,468,2001,13.28
189,1,22,468,2002,13.43
189,1,22,468,2003,13.55
189,1,22,468,2004,13.77
189,1,22,468,2005,14.2
189,1,22,468,2006,14.34
189,1,22,468,2007,14.56
189,1,22,468,2008,15.03
189,1,22,468,2009,15.6
189,1,22,468,2010,16.34
189,1,22,468,2011,16.82
189,1,22,468,2012,17.46
189,1,22,468,2013,18.09
189,1,22,468,2014,18.55
189,1,22,468,2015,19.18
189,1,22,468,2016,19.83
189,3,22,468,1990,10.05
189,3,22,468,1991,10.39
189,3,22,468,1992,10.94
189,3,22,468,1993,11.36
189,3,22,468,1994,12.05
189,3,22,468,1995,12.32
189,3,22,468,1996,12.6
189,3,22,468,1997,12.83
189,3,22,468,1998,13.15
189,3,22,468,1999,13.62
189,3,22,468,2000,13.83
189,3,22,468,2001,13.28
189,3,22,468,2002,13.43
189,3,22,468,2003,13.55
189,3,22,468,2004,13.77
189,3,22,468,2005,14.2
189,3,22,468,2006,14.34
189,3,22,468,2007,14.56
189,3,22,468,2008,15.03
189,3,22,468,2009,15.6
189,3,22,468,2010,16.34
189,3,22,468,2011,16.82
189,3,22,468,2012,17.46
189,3,22,468,2013,18.09
189,3,22,468,2014,18.55
189,3,22,468,2015,19.18
189,3,22,468,2016,19.83
190,1,22,468,1990,20.88
190,1,22,468,1991,21.83
190,1,22,468,1992,22.91
190,1,22,468,1993,24.24
190,1,22,468,1994,25.14
190,1,22,468,1995,25.95
190,1,22,468,1996,25.56
190,1,22,468,1997,26.57
190,1,22,468,1998,27.19
190,1,22,468,1999,27.64
190,1,22,468,2000,28.27
190,1,22,468,2001,28.91
190,1,22,468,2002,28.52
190,1,22,468,2003,28.91
190,1,22,468,2004,26.94
190,1,22,468,2005,26.63
190,1,22,468,2006,26.26
190,1,22,468,2007,25.79
190,1,22,468,2008,26.56
190,1,22,468,2009,27.21
190,1,22,468,2010,27.91
190,1,22,468,2011,28.92
190,1,22,468,2012,28.81
190,1,22,468,2013,30.87
190,1,22,468,2014,31.61
190,1,22,468,2015,32.55
190,1,22,468,2016,33.5
190,3,22,468,1990,20.88
190,3,22,468,1991,21.83
190,3,22,468,1992,22.91
190,3,22,468,1993,24.24
190,3,22,468,1994,25.14
190,3,22,468,1995,25.95
190,3,22,468,1996,25.56
190,3,22,468,1997,26.57
190,3,22,468,1998,27.19
190,3,22,468,1999,27.64
190,3,22,468,2000,28.27
190,3,22,468,2001,28.91
190,3,22,468,2002,28.52
190,3,22,468,2003,28.91
190,3,22,468,2004,26.94
190,3,22,468,2005,26.63
190,3,22,468,2006,26.26
190,3,22,468,2007,25.79
190,3,22,468,2008,26.56
190,3,22,468,2009,27.21
190,3,22,468,2010,27.91
190,3,22,468,2011,28.92
190,3,22,468,2012,28.81
190,3,22,468,2013,30.87
190,3,22,468,2014,31.61
190,3,22,468,2015,32.55
190,3,22,468,2016,33.5
191,1,22,468,1990,4.51
191,1,22,468,1991,5.03
191,1,22,468,1992,5.54
191,1,22,468,1993,6.16
191,1,22,468,1994,6.82
191,1,22,468,1995,7.66
191,1,22,468,1996,8.48
191,1,22,468,1997,9.27
191,1,22,468,1998,10.13
191,1,22,468,1999,10.99
191,1,22,468,2000,11.97
191,1,22,468,2001,12.77
191,1,22,468,2002,13.6
191,1,22,468,2003,14.6
191,1,22,468,2004,15.09
191,1,22,468,2005,15.64
191,1,22,468,2006,16.14
191,1,22,468,2007,16.57
191,1,22,468,2008,16.84
191,1,22,468,2009,17.23
191,1,22,468,2010,17.78
191,1,22,468,2011,18.28
191,1,22,468,2012,18.49
191,1,22,468,2013,18.81
191,1,22,468,2014,19.24
191,1,22,468,2015,19.62
191,1,22,468,2016,20.05
191,3,22,468,1990,4.51
191,3,22,468,1991,5.03
191,3,22,468,1992,5.54
191,3,22,468,1993,6.16
191,3,22,468,1994,6.82
191,3,22,468,1995,7.66
191,3,22,468,1996,8.48
191,3,22,468,1997,9.27
191,3,22,468,1998,10.13
191,3,22,468,1999,10.99
191,3,22,468,2000,11.97
191,3,22,468,2001,12.77
191,3,22,468,2002,13.6
191,3,22,468,2003,14.6
191,3,22,468,2004,15.09
191,3,22,468,2005,15.64
191,3,22,468,2006,16.14
191,3,22,468,2007,16.57
191,3,22,468,2008,16.84
191,3,22,468,2009,17.23
191,3,22,468,2010,17.78
191,3,22,468,2011,18.28
191,3,22,468,2012,18.49
191,3,22,468,2013,18.81
191,3,22,468,2014,19.24
191,3,22,468,2015,19.62
191,3,22,468,2016,20.05
193,1,22,468,1990,1.29
193,1,22,468,1991,1.35
193,1,22,468,1992,1.44
193,1,22,468,1993,1.55
193,1,22,468,1994,1.71
193,1,22,468,1995,1.91
193,1,22,468,1996,2.12
193,1,22,468,1997,2.36
193,1,22,468,1998,2.63
193,1,22,468,1999,2.92
193,1,22,468,2000,3.24
193,1,22,468,2001,3.5
193,1,22,468,2002,3.76
193,1,22,468,2003,3.96
193,1,22,468,2004,4.11
193,1,22,468,2005,4.24
193,1,22,468,2006,4.41
193,1,22,468,2007,4.54
193,1,22,468,2008,4.68
193,1,22,468,2009,4.83
193,1,22,468,2010,5.02
193,1,22,468,2011,5.21
193,1,22,468,2012,5.44
193,1,22,468,2013,5.69
193,1,22,468,2014,5.93
193,1,22,468,2015,6.25
193,1,22,468,2016,6.61
193,3,22,468,1990,1.29
193,3,22,468,1991,1.35
193,3,22,468,1992,1.44
193,3,22,468,1993,1.55
193,3,22,468,1994,1.71
193,3,22,468,1995,1.91
193,3,22,468,1996,2.12
193,3,22,468,1997,2.36
193,3,22,468,1998,2.63
193,3,22,468,1999,2.92
193,3,22,468,2000,3.24
193,3,22,468,2001,3.5
193,3,22,468,2002,3.76
193,3,22,468,2003,3.96
193,3,22,468,2004,4.11
193,3,22,468,2005,4.24
193,3,22,468,2006,4.41
193,3,22,468,2007,4.54
193,3,22,468,2008,4.68
193,3,22,468,2009,4.83
193,3,22,468,2010,5.02
193,3,22,468,2011,5.21
193,3,22,468,2012,5.44
193,3,22,468,2013,5.69
193,3,22,468,2014,5.93
193,3,22,468,2015,6.25
193,3,22,468,2016,6.61
194,1,22,468,1990,2.09
194,1,22,468,1991,2.14
194,1,22,468,1992,2.25
194,1,22,468,1993,2.33
194,1,22,468,1994,2.49
194,1,22,468,1995,2.58
194,1,22,468,1996,2.7
194,1,22,468,1997,2.89
194,1,22,468,1998,3.09
194,1,22,468,1999,3.29
194,1,22,468,2000,3.48
194,1,22,468,2001,3.64
194,1,22,468,2002,3.9
194,1,22,468,2003,4.1
194,1,22,468,2004,4.38
194,1,22,468,2005,4.58
194,1,22,468,2006,4.79
194,1,22,468,2007,4.94
194,1,22,468,2008,5.06
194,1,22,468,2009,5.14
194,1,22,468,2010,5.27
194,1,22,468,2011,5.43
194,1,22,468,2012,5.6
194,1,22,468,2013,5.78
194,1,22,468,2014,5.95
194,1,22,468,2015,6.07
194,1,22,468,2016,6.23
194,3,22,468,1990,2.09
194,3,22,468,1991,2.14
194,3,22,468,1992,2.25
194,3,22,468,1993,2.33
194,3,22,468,1994,2.49
194,3,22,468,1995,2.58
194,3,22,468,1996,2.7
194,3,22,468,1997,2.89
194,3,22,468,1998,3.09
194,3,22,468,1999,3.29
194,3,22,468,2000,3.48
194,3,22,468,2001,3.64
194,3,22,468,2002,3.9
194,3,22,468,2003,4.1
194,3,22,468,2004,4.38
194,3,22,468,2005,4.58
194,3,22,468,2006,4.79
194,3,22,468,2007,4.94
194,3,22,468,2008,5.06
194,3,22,468,2009,5.14
194,3,22,468,2010,5.27
194,3,22,468,2011,5.43
194,3,22,468,2012,5.6
194,3,22,468,2013,5.78
194,3,22,468,2014,5.95
194,3,22,468,2015,6.07
194,3,22,468,2016,6.23
195,1,22,468,1990,1.2
195,1,22,468,1991,1.24
195,1,22,468,1992,1.31
195,1,22,468,1993,1.36
195,1,22,468,1994,1.46
195,1,22,468,1995,1.6
195,1,22,468,1996,1.76
195,1,22,468,1997,1.89
195,1,22,468,1998,2.07
195,1,22,468,1999,2.23
195,1,22,468,2000,2.43
195,1,22,468,2001,2.5
195,1,22,468,2002,2.63
195,1,22,468,2003,2.69
195,1,22,468,2004,2.74
195,1,22,468,2005,2.76
195,1,22,468,2006,2.79
195,1,22,468,2007,2.65
195,1,22,468,2008,2.61
195,1,22,468,2009,2.87
195,1,22,468,2010,2.88
195,1,22,468,2011,2.94
195,1,22,468,2012,2.98
195,1,22,468,2013,3.11
195,1,22,468,2014,3.24
195,1,22,468,2015,3.39
195,1,22,468,2016,3.54
195,3,22,468,1990,1.2
195,3,22,468,1991,1.24
195,3,22,468,1992,1.31
195,3,22,468,1993,1.36
195,3,22,468,1994,1.46
195,3,22,468,1995,1.6
195,3,22,468,1996,1.76
195,3,22,468,1997,1.89
195,3,22,468,1998,2.07
195,3,22,468,1999,2.23
195,3,22,468,2000,2.43
195,3,22,468,2001,2.5
195,3,22,468,2002,2.63
195,3,22,468,2003,2.69
195,3,22,468,2004,2.74
195,3,22,468,2005,2.76
195,3,22,468,2006,2.79
195,3,22,468,2007,2.65
195,3,22,468,2008,2.61
195,3,22,468,2009,2.87
195,3,22,468,2010,2.88
195,3,22,468,2011,2.94
195,3,22,468,2012,2.98
195,3,22,468,2013,3.11
195,3,22,468,2014,3.24
195,3,22,468,2015,3.39
195,3,22,468,2016,3.54
196,1,22,468,1990,84.49
196,1,22,468,1991,88.14
196,1,22,468,1992,92.65
196,1,22,468,1993,93.97
196,1,22,468,1994,97.61
196,1,22,468,1995,101.13
196,1,22,468,1996,104.76
196,1,22,468,1997,112.56
196,1,22,468,1998,115.8
196,1,22,468,1999,121.23
196,1,22,468,2000,132.85
196,1,22,468,2001,133.37
196,1,22,468,2002,138.85
196,1,22,468,2003,145.16
196,1,22,468,2004,150.53
196,1,22,468,2005,152.6
196,1,22,468,2006,160.55
196,1,22,468,2007,164.63
196,1,22,468,2008,168.14
196,1,22,468,2009,174.29
196,1,22,468,2010,181.42
196,1,22,468,2011,187.1
196,1,22,468,2012,192.33
196,1,22,468,2013,199.01
196,1,22,468,2014,207.83
196,1,22,468,2015,216.77
196,1,22,468,2016,225.59
196,3,22,468,1990,84.49
196,3,22,468,1991,88.14
196,3,22,468,1992,92.65
196,3,22,468,1993,93.97
196,3,22,468,1994,97.61
196,3,22,468,1995,101.13
196,3,22,468,1996,104.76
196,3,22,468,1997,112.56
196,3,22,468,1998,115.8
196,3,22,468,1999,121.23
196,3,22,468,2000,132.85
196,3,22,468,2001,133.37
196,3,22,468,2002,138.85
196,3,22,468,2003,145.16
196,3,22,468,2004,150.53
196,3,22,468,2005,152.6
196,3,22,468,2006,160.55
196,3,22,468,2007,164.63
196,3,22,468,2008,168.14
196,3,22,468,2009,174.29
196,3,22,468,2010,181.42
196,3,22,468,2011,187.1
196,3,22,468,2012,192.33
196,3,22,468,2013,199.01
196,3,22,468,2014,207.83
196,3,22,468,2015,216.77
196,3,22,468,2016,225.59
197,1,22,468,1990,0.73
197,1,22,468,1991,0.76
197,1,22,468,1992,0.76
197,1,22,468,1993,0.76
197,1,22,468,1994,0.81
197,1,22,468,1995,0.88
197,1,22,468,1996,1
197,1,22,468,1997,1.05
197,1,22,468,1998,1.16
197,1,22,468,1999,1.24
197,1,22,468,2000,1.36
197,1,22,468,2001,1.48
197,1,22,468,2002,1.56
197,1,22,468,2003,1.64
197,1,22,468,2004,1.7
197,1,22,468,2005,1.74
197,1,22,468,2006,1.77
197,1,22,468,2007,1.79
197,1,22,468,2008,1.81
197,1,22,468,2009,1.83
197,1,22,468,2010,1.86
197,1,22,468,2011,1.9
197,1,22,468,2012,1.95
197,1,22,468,2013,2.02
197,1,22,468,2014,2.06
197,1,22,468,2015,2.08
197,1,22,468,2016,2.13
197,3,22,468,1990,0.73
197,3,22,468,1991,0.76
197,3,22,468,1992,0.76
197,3,22,468,1993,0.76
197,3,22,468,1994,0.81
197,3,22,468,1995,0.88
197,3,22,468,1996,1
197,3,22,468,1997,1.05
197,3,22,468,1998,1.16
197,3,22,468,1999,1.24
197,3,22,468,2000,1.36
197,3,22,468,2001,1.48
197,3,22,468,2002,1.56
197,3,22,468,2003,1.64
197,3,22,468,2004,1.7
197,3,22,468,2005,1.74
197,3,22,468,2006,1.77
197,3,22,468,2007,1.79
197,3,22,468,2008,1.81
197,3,22,468,2009,1.83
197,3,22,468,2010,1.86
197,3,22,468,2011,1.9
197,3,22,468,2012,1.95
197,3,22,468,2013,2.02
197,3,22,468,2014,2.06
197,3,22,468,2015,2.08
197,3,22,468,2016,2.13
198,1,22,468,1990,10.45
198,1,22,468,1991,9.59
198,1,22,468,1992,9.49
198,1,22,468,1993,9.75
198,1,22,468,1994,10.52
198,1,22,468,1995,12.37
198,1,22,468,1996,12.56
198,1,22,468,1997,13.41
198,1,22,468,1998,14.49
198,1,22,468,1999,15.09
198,1,22,468,2000,16.41
198,1,22,468,2001,16.12
198,1,22,468,2002,16.25
198,1,22,468,2003,15.58
198,1,22,468,2004,14.98
198,1,22,468,2005,15.86
198,1,22,468,2006,16.22
198,1,22,468,2007,16.4
198,1,22,468,2008,16.64
198,1,22,468,2009,16.6
198,1,22,468,2010,16.62
198,1,22,468,2011,16.47
198,1,22,468,2012,16.33
198,1,22,468,2013,16.35
198,1,22,468,2014,16.42
198,1,22,468,2015,16.63
198,1,22,468,2016,16.92
198,3,22,468,1990,10.45
198,3,22,468,1991,9.59
198,3,22,468,1992,9.49
198,3,22,468,1993,9.75
198,3,22,468,1994,10.52
198,3,22,468,1995,12.37
198,3,22,468,1996,12.56
198,3,22,468,1997,13.41
198,3,22,468,1998,14.49
198,3,22,468,1999,15.09
198,3,22,468,2000,16.41
198,3,22,468,2001,16.12
198,3,22,468,2002,16.25
198,3,22,468,2003,15.58
198,3,22,468,2004,14.98
198,3,22,468,2005,15.86
198,3,22,468,2006,16.22
198,3,22,468,2007,16.4
198,3,22,468,2008,16.64
198,3,22,468,2009,16.6
198,3,22,468,2010,16.62
198,3,22,468,2011,16.47
198,3,22,468,2012,16.33
198,3,22,468,2013,16.35
198,3,22,468,2014,16.42
198,3,22,468,2015,16.63
198,3,22,468,2016,16.92
200,1,22,468,1990,4.52
200,1,22,468,1991,4.73
200,1,22,468,1992,4.87
200,1,22,468,1993,5.03
200,1,22,468,1994,5.3
200,1,22,468,1995,5.53
200,1,22,468,1996,5.8
200,1,22,468,1997,5.85
200,1,22,468,1998,6.02
200,1,22,468,1999,6.16
200,1,22,468,2000,6.36
200,1,22,468,2001,6.55
200,1,22,468,2002,6.7
200,1,22,468,2003,6.87
200,1,22,468,2004,7.02
200,1,22,468,2005,7.16
200,1,22,468,2006,7.33
200,1,22,468,2007,7.5
200,1,22,468,2008,7.69
200,1,22,468,2009,7.88
200,1,22,468,2010,8.08
200,1,22,468,2011,8.23
200,1,22,468,2012,8.37
200,1,22,468,2013,8.51
200,1,22,468,2014,8.66
200,1,22,468,2015,8.8
200,1,22,468,2016,8.97
200,3,22,468,1990,4.52
200,3,22,468,1991,4.73
200,3,22,468,1992,4.87
200,3,22,468,1993,5.03
200,3,22,468,1994,5.3
200,3,22,468,1995,5.53
200,3,22,468,1996,5.8
200,3,22,468,1997,5.85
200,3,22,468,1998,6.02
200,3,22,468,1999,6.16
200,3,22,468,2000,6.36
200,3,22,468,2001,6.55
200,3,22,468,2002,6.7
200,3,22,468,2003,6.87
200,3,22,468,2004,7.02
200,3,22,468,2005,7.16
200,3,22,468,2006,7.33
200,3,22,468,2007,7.5
200,3,22,468,2008,7.69
200,3,22,468,2009,7.88
200,3,22,468,2010,8.08
200,3,22,468,2011,8.23
200,3,22,468,2012,8.37
200,3,22,468,2013,8.51
200,3,22,468,2014,8.66
200,3,22,468,2015,8.8
200,3,22,468,2016,8.97
201,1,22,468,1990,9.41
201,1,22,468,1991,9.57
201,1,22,468,1992,9.75
201,1,22,468,1993,10.04
201,1,22,468,1994,10.22
201,1,22,468,1995,10.45
201,1,22,468,1996,10.5
201,1,22,468,1997,10.69
201,1,22,468,1998,10.9
201,1,22,468,1999,11
201,1,22,468,2000,11.33
201,1,22,468,2001,11.33
201,1,22,468,2002,11.54
201,1,22,468,2003,11.7
201,1,22,468,2004,11.93
201,1,22,468,2005,12.24
201,1,22,468,2006,12.46
201,1,22,468,2007,12.77
201,1,22,468,2008,13.04
201,1,22,468,2009,13.37
201,1,22,468,2010,13.73
201,1,22,468,2011,14.05
201,1,22,468,2012,14.43
201,1,22,468,2013,14.83
201,1,22,468,2014,15.25
201,1,22,468,2015,15.71
201,1,22,468,2016,16.12
201,3,22,468,1990,9.41
201,3,22,468,1991,9.57
201,3,22,468,1992,9.75
201,3,22,468,1993,10.04
201,3,22,468,1994,10.22
201,3,22,468,1995,10.45
201,3,22,468,1996,10.5
201,3,22,468,1997,10.69
201,3,22,468,1998,10.9
201,3,22,468,1999,11
201,3,22,468,2000,11.33
201,3,22,468,2001,11.33
201,3,22,468,2002,11.54
201,3,22,468,2003,11.7
201,3,22,468,2004,11.93
201,3,22,468,2005,12.24
201,3,22,468,2006,12.46
201,3,22,468,2007,12.77
201,3,22,468,2008,13.04
201,3,22,468,2009,13.37
201,3,22,468,2010,13.73
201,3,22,468,2011,14.05
201,3,22,468,2012,14.43
201,3,22,468,2013,14.83
201,3,22,468,2014,15.25
201,3,22,468,2015,15.71
201,3,22,468,2016,16.12
202,1,22,468,1990,9.47
202,1,22,468,1991,9.83
202,1,22,468,1992,10.32
202,1,22,468,1993,10.92
202,1,22,468,1994,11.31
202,1,22,468,1995,11.83
202,1,22,468,1996,12.36
202,1,22,468,1997,13.07
202,1,22,468,1998,13.68
202,1,22,468,1999,14.13
202,1,22,468,2000,14.82
202,1,22,468,2001,15.13
202,1,22,468,2002,15.41
202,1,22,468,2003,15.8
202,1,22,468,2004,16.25
202,1,22,468,2005,16.71
202,1,22,468,2006,16.92
202,1,22,468,2007,17.31
202,1,22,468,2008,17.48
202,1,22,468,2009,17.58
202,1,22,468,2010,17.83
202,1,22,468,2011,18.12
202,1,22,468,2012,18.41
202,1,22,468,2013,18.76
202,1,22,468,2014,19.12
202,1,22,468,2015,19.53
202,1,22,468,2016,19.93
202,3,22,468,1990,9.47
202,3,22,468,1991,9.83
202,3,22,468,1992,10.32
202,3,22,468,1993,10.92
202,3,22,468,1994,11.31
202,3,22,468,1995,11.83
202,3,22,468,1996,12.36
202,3,22,468,1997,13.07
202,3,22,468,1998,13.68
202,3,22,468,1999,14.13
202,3,22,468,2000,14.82
202,3,22,468,2001,15.13
202,3,22,468,2002,15.41
202,3,22,468,2003,15.8
202,3,22,468,2004,16.25
202,3,22,468,2005,16.71
202,3,22,468,2006,16.92
202,3,22,468,2007,17.31
202,3,22,468,2008,17.48
202,3,22,468,2009,17.58
202,3,22,468,2010,17.83
202,3,22,468,2011,18.12
202,3,22,468,2012,18.41
202,3,22,468,2013,18.76
202,3,22,468,2014,19.12
202,3,22,468,2015,19.53
202,3,22,468,2016,19.93
203,1,22,468,1990,0.22
203,1,22,468,1991,0.24
203,1,22,468,1992,0.25
203,1,22,468,1993,0.26
203,1,22,468,1994,0.27
203,1,22,468,1995,0.28
203,1,22,468,1996,0.29
203,1,22,468,1997,0.3
203,1,22,468,1998,0.31
203,1,22,468,1999,0.31
203,1,22,468,2000,0.32
203,1,22,468,2001,0.34
203,1,22,468,2002,0.35
203,1,22,468,2003,0.36
203,1,22,468,2004,0.38
203,1,22,468,2005,0.39
203,1,22,468,2006,0.4
203,1,22,468,2007,0.42
203,1,22,468,2008,0.43
203,1,22,468,2009,0.44
203,1,22,468,2010,0.46
203,1,22,468,2011,0.47
203,1,22,468,2012,0.48
203,1,22,468,2013,0.5
203,1,22,468,2014,0.51
203,1,22,468,2015,0.53
203,1,22,468,2016,0.55
203,3,22,468,1990,0.22
203,3,22,468,1991,0.24
203,3,22,468,1992,0.25
203,3,22,468,1993,0.26
203,3,22,468,1994,0.27
203,3,22,468,1995,0.28
203,3,22,468,1996,0.29
203,3,22,468,1997,0.3
203,3,22,468,1998,0.31
203,3,22,468,1999,0.31
203,3,22,468,2000,0.32
203,3,22,468,2001,0.34
203,3,22,468,2002,0.35
203,3,22,468,2003,0.36
203,3,22,468,2004,0.38
203,3,22,468,2005,0.39
203,3,22,468,2006,0.4
203,3,22,468,2007,0.42
203,3,22,468,2008,0.43
203,3,22,468,2009,0.44
203,3,22,468,2010,0.46
203,3,22,468,2011,0.47
203,3,22,468,2012,0.48
203,3,22,468,2013,0.5
203,3,22,468,2014,0.51
203,3,22,468,2015,0.53
203,3,22,468,2016,0.55
204,1,22,468,1990,5.31
204,1,22,468,1991,5.45
204,1,22,468,1992,5.62
204,1,22,468,1993,5.84
204,1,22,468,1994,6.19
204,1,22,468,1995,6.41
204,1,22,468,1996,6.87
204,1,22,468,1997,7.22
204,1,22,468,1998,7.47
204,1,22,468,1999,7.79
204,1,22,468,2000,7.98
204,1,22,468,2001,8.12
204,1,22,468,2002,8.31
204,1,22,468,2003,8.46
204,1,22,468,2004,8.68
204,1,22,468,2005,8.67
204,1,22,468,2006,8.77
204,1,22,468,2007,8.96
204,1,22,468,2008,9.22
204,1,22,468,2009,9.5
204,1,22,468,2010,9.74
204,1,22,468,2011,9.97
204,1,22,468,2012,10.15
204,1,22,468,2013,10.25
204,1,22,468,2014,10.47
204,1,22,468,2015,10.72
204,1,22,468,2016,10.98
204,3,22,468,1990,5.31
204,3,22,468,1991,5.45
204,3,22,468,1992,5.62
204,3,22,468,1993,5.84
204,3,22,468,1994,6.19
204,3,22,468,1995,6.41
204,3,22,468,1996,6.87
204,3,22,468,1997,7.22
204,3,22,468,1998,7.47
204,3,22,468,1999,7.79
204,3,22,468,2000,7.98
204,3,22,468,2001,8.12
204,3,22,468,2002,8.31
204,3,22,468,2003,8.46
204,3,22,468,2004,8.68
204,3,22,468,2005,8.67
204,3,22,468,2006,8.77
204,3,22,468,2007,8.96
204,3,22,468,2008,9.22
204,3,22,468,2009,9.5
204,3,22,468,2010,9.74
204,3,22,468,2011,9.97
204,3,22,468,2012,10.15
204,3,22,468,2013,10.25
204,3,22,468,2014,10.47
204,3,22,468,2015,10.72
204,3,22,468,2016,10.98
205,1,22,468,1990,11.14
205,1,22,468,1991,11.64
205,1,22,468,1992,12.55
205,1,22,468,1993,13.49
205,1,22,468,1994,14.32
205,1,22,468,1995,15.35
205,1,22,468,1996,15.66
205,1,22,468,1997,15.7
205,1,22,468,1998,16.14
205,1,22,468,1999,16.52
205,1,22,468,2000,17.1
205,1,22,468,2001,17.48
205,1,22,468,2002,17.6
205,1,22,468,2003,17.77
205,1,22,468,2004,18.21
205,1,22,468,2005,18.15
205,1,22,468,2006,18.4
205,1,22,468,2007,18.41
205,1,22,468,2008,18.59
205,1,22,468,2009,18.87
205,1,22,468,2010,19.29
205,1,22,468,2011,19.69
205,1,22,468,2012,20.06
205,1,22,468,2013,20.44
205,1,22,468,2014,20.8
205,1,22,468,2015,21.13
205,1,22,468,2016,21.4
205,3,22,468,1990,11.14
205,3,22,468,1991,11.64
205,3,22,468,1992,12.55
205,3,22,468,1993,13.49
205,3,22,468,1994,14.32
205,3,22,468,1995,15.35
205,3,22,468,1996,15.66
205,3,22,468,1997,15.7
205,3,22,468,1998,16.14
205,3,22,468,1999,16.52
205,3,22,468,2000,17.1
205,3,22,468,2001,17.48
205,3,22,468,2002,17.6
205,3,22,468,2003,17.77
205,3,22,468,2004,18.21
205,3,22,468,2005,18.15
205,3,22,468,2006,18.4
205,3,22,468,2007,18.41
205,3,22,468,2008,18.59
205,3,22,468,2009,18.87
205,3,22,468,2010,19.29
205,3,22,468,2011,19.69
205,3,22,468,2012,20.06
205,3,22,468,2013,20.44
205,3,22,468,2014,20.8
205,3,22,468,2015,21.13
205,3,22,468,2016,21.4
206,1,22,468,1990,0.85
206,1,22,468,1991,0.89
206,1,22,468,1992,0.94
206,1,22,468,1993,0.91
206,1,22,468,1994,0.89
206,1,22,468,1995,0.86
206,1,22,468,1996,0.83
206,1,22,468,1997,0.8
206,1,22,468,1998,0.82
206,1,22,468,1999,0.84
206,1,22,468,2000,0.88
206,1,22,468,2001,0.9
206,1,22,468,2002,0.94
206,1,22,468,2003,0.94
206,1,22,468,2004,0.95
206,1,22,468,2005,0.99
206,1,22,468,2006,1.01
206,1,22,468,2007,1.04
206,1,22,468,2008,1.05
206,1,22,468,2009,1.07
206,1,22,468,2010,1.09
206,1,22,468,2011,1.12
206,1,22,468,2012,1.14
206,1,22,468,2013,1.17
206,1,22,468,2014,1.21
206,1,22,468,2015,1.24
206,1,22,468,2016,1.27
206,3,22,468,1990,0.85
206,3,22,468,1991,0.89
206,3,22,468,1992,0.94
206,3,22,468,1993,0.91
206,3,22,468,1994,0.89
206,3,22,468,1995,0.86
206,3,22,468,1996,0.83
206,3,22,468,1997,0.8
206,3,22,468,1998,0.82
206,3,22,468,1999,0.84
206,3,22,468,2000,0.88
206,3,22,468,2001,0.9
206,3,22,468,2002,0.94
206,3,22,468,2003,0.94
206,3,22,468,2004,0.95
206,3,22,468,2005,0.99
206,3,22,468,2006,1.01
206,3,22,468,2007,1.04
206,3,22,468,2008,1.05
206,3,22,468,2009,1.07
206,3,22,468,2010,1.09
206,3,22,468,2011,1.12
206,3,22,468,2012,1.14
206,3,22,468,2013,1.17
206,3,22,468,2014,1.21
206,3,22,468,2015,1.24
206,3,22,468,2016,1.27
207,1,22,468,1990,8.5
207,1,22,468,1991,8.79
207,1,22,468,1992,9.11
207,1,22,468,1993,9.15
207,1,22,468,1994,9.4
207,1,22,468,1995,9.65
207,1,22,468,1996,9.85
207,1,22,468,1997,10.52
207,1,22,468,1998,10.74
207,1,22,468,1999,11.25
207,1,22,468,2000,11.68
207,1,22,468,2001,11.98
207,1,22,468,2002,12.29
207,1,22,468,2003,12.51
207,1,22,468,2004,12.65
207,1,22,468,2005,12.77
207,1,22,468,2006,12.86
207,1,22,468,2007,12.91
207,1,22,468,2008,13.1
207,1,22,468,2009,13.28
207,1,22,468,2010,13.52
207,1,22,468,2011,13.68
207,1,22,468,2012,13.98
207,1,22,468,2013,14.4
207,1,22,468,2014,14.85
207,1,22,468,2015,15.24
207,1,22,468,2016,15.54
207,3,22,468,1990,8.5
207,3,22,468,1991,8.79
207,3,22,468,1992,9.11
207,3,22,468,1993,9.15
207,3,22,468,1994,9.4
207,3,22,468,1995,9.65
207,3,22,468,1996,9.85
207,3,22,468,1997,10.52
207,3,22,468,1998,10.74
207,3,22,468,1999,11.25
207,3,22,468,2000,11.68
207,3,22,468,2001,11.98
207,3,22,468,2002,12.29
207,3,22,468,2003,12.51
207,3,22,468,2004,12.65
207,3,22,468,2005,12.77
207,3,22,468,2006,12.86
207,3,22,468,2007,12.91
207,3,22,468,2008,13.1
207,3,22,468,2009,13.28
207,3,22,468,2010,13.52
207,3,22,468,2011,13.68
207,3,22,468,2012,13.98
207,3,22,468,2013,14.4
207,3,22,468,2014,14.85
207,3,22,468,2015,15.24
207,3,22,468,2016,15.54
208,1,22,468,1990,10
208,1,22,468,1991,10.56
208,1,22,468,1992,11.29
208,1,22,468,1993,12.07
208,1,22,468,1994,13.01
208,1,22,468,1995,13.82
208,1,22,468,1996,14.51
208,1,22,468,1997,15.19
208,1,22,468,1998,15.86
208,1,22,468,1999,16.47
208,1,22,468,2000,16.84
208,1,22,468,2001,17.14
208,1,22,468,2002,17.58
208,1,22,468,2003,17.73
208,1,22,468,2004,18
208,1,22,468,2005,18.41
208,1,22,468,2006,18.98
208,1,22,468,2007,19.68
208,1,22,468,2008,20.26
208,1,22,468,2009,20.96
208,1,22,468,2010,21.69
208,1,22,468,2011,22.13
208,1,22,468,2012,22.65
208,1,22,468,2013,23.17
208,1,22,468,2014,23.72
208,1,22,468,2015,24.35
208,1,22,468,2016,24.96
208,3,22,468,1990,10
208,3,22,468,1991,10.56
208,3,22,468,1992,11.29
208,3,22,468,1993,12.07
208,3,22,468,1994,13.01
208,3,22,468,1995,13.82
208,3,22,468,1996,14.51
208,3,22,468,1997,15.19
208,3,22,468,1998,15.86
208,3,22,468,1999,16.47
208,3,22,468,2000,16.84
208,3,22,468,2001,17.14
208,3,22,468,2002,17.58
208,3,22,468,2003,17.73
208,3,22,468,2004,18
208,3,22,468,2005,18.41
208,3,22,468,2006,18.98
208,3,22,468,2007,19.68
208,3,22,468,2008,20.26
208,3,22,468,2009,20.96
208,3,22,468,2010,21.69
208,3,22,468,2011,22.13
208,3,22,468,2012,22.65
208,3,22,468,2013,23.17
208,3,22,468,2014,23.72
208,3,22,468,2015,24.35
208,3,22,468,2016,24.96
209,1,22,468,1990,1.53
209,1,22,468,1991,1.54
209,1,22,468,1992,1.55
209,1,22,468,1993,1.57
209,1,22,468,1994,1.58
209,1,22,468,1995,1.59
209,1,22,468,1996,1.61
209,1,22,468,1997,1.62
209,1,22,468,1998,1.65
209,1,22,468,1999,1.68
209,1,22,468,2000,1.69
209,1,22,468,2001,1.7
209,1,22,468,2002,1.72
209,1,22,468,2003,1.74
209,1,22,468,2004,1.81
209,1,22,468,2005,1.83
209,1,22,468,2006,1.85
209,1,22,468,2007,1.88
209,1,22,468,2008,1.91
209,1,22,468,2009,1.96
209,1,22,468,2010,2
209,1,22,468,2011,2.04
209,1,22,468,2012,2.07
209,1,22,468,2013,2.1
209,1,22,468,2014,2.15
209,1,22,468,2015,2.19
209,1,22,468,2016,2.23
209,3,22,468,1990,1.53
209,3,22,468,1991,1.54
209,3,22,468,1992,1.55
209,3,22,468,1993,1.57
209,3,22,468,1994,1.58
209,3,22,468,1995,1.59
209,3,22,468,1996,1.61
209,3,22,468,1997,1.62
209,3,22,468,1998,1.65
209,3,22,468,1999,1.68
209,3,22,468,2000,1.69
209,3,22,468,2001,1.7
209,3,22,468,2002,1.72
209,3,22,468,2003,1.74
209,3,22,468,2004,1.81
209,3,22,468,2005,1.83
209,3,22,468,2006,1.85
209,3,22,468,2007,1.88
209,3,22,468,2008,1.91
209,3,22,468,2009,1.96
209,3,22,468,2010,2
209,3,22,468,2011,2.04
209,3,22,468,2012,2.07
209,3,22,468,2013,2.1
209,3,22,468,2014,2.15
209,3,22,468,2015,2.19
209,3,22,468,2016,2.23
210,1,22,468,1990,1.69
210,1,22,468,1991,1.67
210,1,22,468,1992,1.63
210,1,22,468,1993,1.62
210,1,22,468,1994,1.66
210,1,22,468,1995,1.72
210,1,22,468,1996,1.86
210,1,22,468,1997,1.96
210,1,22,468,1998,2.12
210,1,22,468,1999,2.2
210,1,22,468,2000,2.31
210,1,22,468,2001,2.33
210,1,22,468,2002,2.37
210,1,22,468,2003,2.4
210,1,22,468,2004,2.39
210,1,22,468,2005,2.43
210,1,22,468,2006,2.54
210,1,22,468,2007,2.67
210,1,22,468,2008,2.75
210,1,22,468,2009,2.86
210,1,22,468,2010,2.96
210,1,22,468,2011,3.03
210,1,22,468,2012,3.03
210,1,22,468,2013,3.07
210,1,22,468,2014,3.13
210,1,22,468,2015,3.2
210,1,22,468,2016,3.28
210,3,22,468,1990,1.69
210,3,22,468,1991,1.67
210,3,22,468,1992,1.63
210,3,22,468,1993,1.62
210,3,22,468,1994,1.66
210,3,22,468,1995,1.72
210,3,22,468,1996,1.86
210,3,22,468,1997,1.96
210,3,22,468,1998,2.12
210,3,22,468,1999,2.2
210,3,22,468,2000,2.31
210,3,22,468,2001,2.33
210,3,22,468,2002,2.37
210,3,22,468,2003,2.4
210,3,22,468,2004,2.39
210,3,22,468,2005,2.43
210,3,22,468,2006,2.54
210,3,22,468,2007,2.67
210,3,22,468,2008,2.75
210,3,22,468,2009,2.86
210,3,22,468,2010,2.96
210,3,22,468,2011,3.03
210,3,22,468,2012,3.03
210,3,22,468,2013,3.07
210,3,22,468,2014,3.13
210,3,22,468,2015,3.2
210,3,22,468,2016,3.28
211,1,22,468,1990,8.93
211,1,22,468,1991,8.91
211,1,22,468,1992,9.07
211,1,22,468,1993,9.26
211,1,22,468,1994,9.53
211,1,22,468,1995,9.83
211,1,22,468,1996,9.65
211,1,22,468,1997,9.48
211,1,22,468,1998,9.35
211,1,22,468,1999,9.29
211,1,22,468,2000,9.47
211,1,22,468,2001,9.52
211,1,22,468,2002,9.7
211,1,22,468,2003,9.74
211,1,22,468,2004,9.99
211,1,22,468,2005,10.25
211,1,22,468,2006,10.34
211,1,22,468,2007,10.74
211,1,22,468,2008,10.99
211,1,22,468,2009,11.41
211,1,22,468,2010,11.74
211,1,22,468,2011,11.85
211,1,22,468,2012,12.08
211,1,22,468,2013,12.29
211,1,22,468,2014,12.52
211,1,22,468,2015,12.77
211,1,22,468,2016,13.06
211,3,22,468,1990,8.93
211,3,22,468,1991,8.91
211,3,22,468,1992,9.07
211,3,22,468,1993,9.26
211,3,22,468,1994,9.53
211,3,22,468,1995,9.83
211,3,22,468,1996,9.65
211,3,22,468,1997,9.48
211,3,22,468,1998,9.35
211,3,22,468,1999,9.29
211,3,22,468,2000,9.47
211,3,22,468,2001,9.52
211,3,22,468,2002,9.7
211,3,22,468,2003,9.74
211,3,22,468,2004,9.99
211,3,22,468,2005,10.25
211,3,22,468,2006,10.34
211,3,22,468,2007,10.74
211,3,22,468,2008,10.99
211,3,22,468,2009,11.41
211,3,22,468,2010,11.74
211,3,22,468,2011,11.85
211,3,22,468,2012,12.08
211,3,22,468,2013,12.29
211,3,22,468,2014,12.52
211,3,22,468,2015,12.77
211,3,22,468,2016,13.06
212,1,22,468,1990,1.83
212,1,22,468,1991,1.82
212,1,22,468,1992,1.84
212,1,22,468,1993,1.85
212,1,22,468,1994,1.89
212,1,22,468,1995,1.89
212,1,22,468,1996,1.9
212,1,22,468,1997,1.89
212,1,22,468,1998,1.87
212,1,22,468,1999,1.8
212,1,22,468,2000,1.77
212,1,22,468,2001,1.78
212,1,22,468,2002,1.74
212,1,22,468,2003,1.74
212,1,22,468,2004,1.76
212,1,22,468,2005,1.77
212,1,22,468,2006,1.76
212,1,22,468,2007,1.77
212,1,22,468,2008,1.81
212,1,22,468,2009,1.85
212,1,22,468,2010,1.89
212,1,22,468,2011,1.94
212,1,22,468,2012,2
212,1,22,468,2013,2.07
212,1,22,468,2014,2.14
212,1,22,468,2015,2.22
212,1,22,468,2016,2.3
212,3,22,468,1990,1.83
212,3,22,468,1991,1.82
212,3,22,468,1992,1.84
212,3,22,468,1993,1.85
212,3,22,468,1994,1.89
212,3,22,468,1995,1.89
212,3,22,468,1996,1.9
212,3,22,468,1997,1.89
212,3,22,468,1998,1.87
212,3,22,468,1999,1.8
212,3,22,468,2000,1.77
212,3,22,468,2001,1.78
212,3,22,468,2002,1.74
212,3,22,468,2003,1.74
212,3,22,468,2004,1.76
212,3,22,468,2005,1.77
212,3,22,468,2006,1.76
212,3,22,468,2007,1.77
212,3,22,468,2008,1.81
212,3,22,468,2009,1.85
212,3,22,468,2010,1.89
212,3,22,468,2011,1.94
212,3,22,468,2012,2
212,3,22,468,2013,2.07
212,3,22,468,2014,2.14
212,3,22,468,2015,2.22
212,3,22,468,2016,2.3
213,1,22,468,1990,7.35
213,1,22,468,1991,7.18
213,1,22,468,1992,7.38
213,1,22,468,1993,7.59
213,1,22,468,1994,7.72
213,1,22,468,1995,8.03
213,1,22,468,1996,8.1
213,1,22,468,1997,8.36
213,1,22,468,1998,8.57
213,1,22,468,1999,8.72
213,1,22,468,2000,8.79
213,1,22,468,2001,8.93
213,1,22,468,2002,8.86
213,1,22,468,2003,9.01
213,1,22,468,2004,9.09
213,1,22,468,2005,9.31
213,1,22,468,2006,9.55
213,1,22,468,2007,9.84
213,1,22,468,2008,10.08
213,1,22,468,2009,10.43
213,1,22,468,2010,10.81
213,1,22,468,2011,11.1
213,1,22,468,2012,11.4
213,1,22,468,2013,11.69
213,1,22,468,2014,11.98
213,1,22,468,2015,12.33
213,1,22,468,2016,12.75
213,3,22,468,1990,7.35
213,3,22,468,1991,7.18
213,3,22,468,1992,7.38
213,3,22,468,1993,7.59
213,3,22,468,1994,7.72
213,3,22,468,1995,8.03
213,3,22,468,1996,8.1
213,3,22,468,1997,8.36
213,3,22,468,1998,8.57
213,3,22,468,1999,8.72
213,3,22,468,2000,8.79
213,3,22,468,2001,8.93
213,3,22,468,2002,8.86
213,3,22,468,2003,9.01
213,3,22,468,2004,9.09
213,3,22,468,2005,9.31
213,3,22,468,2006,9.55
213,3,22,468,2007,9.84
213,3,22,468,2008,10.08
213,3,22,468,2009,10.43
213,3,22,468,2010,10.81
213,3,22,468,2011,11.1
213,3,22,468,2012,11.4
213,3,22,468,2013,11.69
213,3,22,468,2014,11.98
213,3,22,468,2015,12.33
213,3,22,468,2016,12.75
214,1,22,468,1990,66.86
214,1,22,468,1991,68.79
214,1,22,468,1992,70.81
214,1,22,468,1993,72.7
214,1,22,468,1994,72.35
214,1,22,468,1995,73.79
214,1,22,468,1996,75.45
214,1,22,468,1997,76.58
214,1,22,468,1998,78.07
214,1,22,468,1999,78.28
214,1,22,468,2000,80.15
214,1,22,468,2001,80.1
214,1,22,468,2002,82.14
214,1,22,468,2003,81.6
214,1,22,468,2004,81
214,1,22,468,2005,80.54
214,1,22,468,2006,80.77
214,1,22,468,2007,80.42
214,1,22,468,2008,79.84
214,1,22,468,2009,80.41
214,1,22,468,2010,81.01
214,1,22,468,2011,81.35
214,1,22,468,2012,82.56
214,1,22,468,2013,84.74
214,1,22,468,2014,87.29
214,1,22,468,2015,90.35
214,1,22,468,2016,93.34
214,3,22,468,1990,66.86
214,3,22,468,1991,68.79
214,3,22,468,1992,70.81
214,3,22,468,1993,72.7
214,3,22,468,1994,72.35
214,3,22,468,1995,73.79
214,3,22,468,1996,75.45
214,3,22,468,1997,76.58
214,3,22,468,1998,78.07
214,3,22,468,1999,78.28
214,3,22,468,2000,80.15
214,3,22,468,2001,80.1
214,3,22,468,2002,82.14
214,3,22,468,2003,81.6
214,3,22,468,2004,81
214,3,22,468,2005,80.54
214,3,22,468,2006,80.77
214,3,22,468,2007,80.42
214,3,22,468,2008,79.84
214,3,22,468,2009,80.41
214,3,22,468,2010,81.01
214,3,22,468,2011,81.35
214,3,22,468,2012,82.56
214,3,22,468,2013,84.74
214,3,22,468,2014,87.29
214,3,22,468,2015,90.35
214,3,22,468,2016,93.34
215,1,22,468,1990,0.07
215,1,22,468,1991,0.07
215,1,22,468,1992,0.07
215,1,22,468,1993,0.07
215,1,22,468,1994,0.07
215,1,22,468,1995,0.07
215,1,22,468,1996,0.08
215,1,22,468,1997,0.08
215,1,22,468,1998,0.08
215,1,22,468,1999,0.08
215,1,22,468,2000,0.08
215,1,22,468,2001,0.08
215,1,22,468,2002,0.08
215,1,22,468,2003,0.08
215,1,22,468,2004,0.08
215,1,22,468,2005,0.08
215,1,22,468,2006,0.09
215,1,22,468,2007,0.08
215,1,22,468,2008,0.08
215,1,22,468,2009,0.08
215,1,22,468,2010,0.08
215,1,22,468,2011,0.08
215,1,22,468,2012,0.09
215,1,22,468,2013,0.09
215,1,22,468,2014,0.09
215,1,22,468,2015,0.09
215,1,22,468,2016,0.1
215,3,22,468,1990,0.07
215,3,22,468,1991,0.07
215,3,22,468,1992,0.07
215,3,22,468,1993,0.07
215,3,22,468,1994,0.07
215,3,22,468,1995,0.07
215,3,22,468,1996,0.08
215,3,22,468,1997,0.08
215,3,22,468,1998,0.08
215,3,22,468,1999,0.08
215,3,22,468,2000,0.08
215,3,22,468,2001,0.08
215,3,22,468,2002,0.08
215,3,22,468,2003,0.08
215,3,22,468,2004,0.08
215,3,22,468,2005,0.08
215,3,22,468,2006,0.09
215,3,22,468,2007,0.08
215,3,22,468,2008,0.08
215,3,22,468,2009,0.08
215,3,22,468,2010,0.08
215,3,22,468,2011,0.08
215,3,22,468,2012,0.09
215,3,22,468,2013,0.09
215,3,22,468,2014,0.09
215,3,22,468,2015,0.09
215,3,22,468,2016,0.1
216,1,22,468,1990,7.75
216,1,22,468,1991,7.83
216,1,22,468,1992,8.07
216,1,22,468,1993,8.3
216,1,22,468,1994,8.65
216,1,22,468,1995,8.73
216,1,22,468,1996,8.74
216,1,22,468,1997,8.88
216,1,22,468,1998,8.93
216,1,22,468,1999,9.1
216,1,22,468,2000,9.14
216,1,22,468,2001,9.16
216,1,22,468,2002,9.14
216,1,22,468,2003,9.18
216,1,22,468,2004,9.24
216,1,22,468,2005,9.35
216,1,22,468,2006,9.43
216,1,22,468,2007,9.52
216,1,22,468,2008,9.66
216,1,22,468,2009,9.84
216,1,22,468,2010,10.05
216,1,22,468,2011,10.28
216,1,22,468,2012,10.53
216,1,22,468,2013,10.78
216,1,22,468,2014,11.04
216,1,22,468,2015,11.29
216,1,22,468,2016,11.57
216,3,22,468,1990,7.75
216,3,22,468,1991,7.83
216,3,22,468,1992,8.07
216,3,22,468,1993,8.3
216,3,22,468,1994,8.65
216,3,22,468,1995,8.73
216,3,22,468,1996,8.74
216,3,22,468,1997,8.88
216,3,22,468,1998,8.93
216,3,22,468,1999,9.1
216,3,22,468,2000,9.14
216,3,22,468,2001,9.16
216,3,22,468,2002,9.14
216,3,22,468,2003,9.18
216,3,22,468,2004,9.24
216,3,22,468,2005,9.35
216,3,22,468,2006,9.43
216,3,22,468,2007,9.52
216,3,22,468,2008,9.66
216,3,22,468,2009,9.84
216,3,22,468,2010,10.05
216,3,22,468,2011,10.28
216,3,22,468,2012,10.53
216,3,22,468,2013,10.78
216,3,22,468,2014,11.04
216,3,22,468,2015,11.29
216,3,22,468,2016,11.57
217,1,22,468,1990,4.34
217,1,22,468,1991,4.28
217,1,22,468,1992,4.23
217,1,22,468,1993,4.15
217,1,22,468,1994,4.05
217,1,22,468,1995,4.09
217,1,22,468,1996,4.05
217,1,22,468,1997,4.24
217,1,22,468,1998,4.2
217,1,22,468,1999,4.26
217,1,22,468,2000,4.32
217,1,22,468,2001,4.5
217,1,22,468,2002,4.78
217,1,22,468,2003,4.99
217,1,22,468,2004,5.11
217,1,22,468,2005,5.33
217,1,22,468,2006,5.43
217,1,22,468,2007,5.51
217,1,22,468,2008,5.56
217,1,22,468,2009,5.56
217,1,22,468,2010,5.58
217,1,22,468,2011,5.61
217,1,22,468,2012,5.61
217,1,22,468,2013,5.61
217,1,22,468,2014,5.64
217,1,22,468,2015,5.74
217,1,22,468,2016,5.85
217,3,22,468,1990,4.34
217,3,22,468,1991,4.28
217,3,22,468,1992,4.23
217,3,22,468,1993,4.15
217,3,22,468,1994,4.05
217,3,22,468,1995,4.09
217,3,22,468,1996,4.05
217,3,22,468,1997,4.24
217,3,22,468,1998,4.2
217,3,22,468,1999,4.26
217,3,22,468,2000,4.32
217,3,22,468,2001,4.5
217,3,22,468,2002,4.78
217,3,22,468,2003,4.99
217,3,22,468,2004,5.11
217,3,22,468,2005,5.33
217,3,22,468,2006,5.43
217,3,22,468,2007,5.51
217,3,22,468,2008,5.56
217,3,22,468,2009,5.56
217,3,22,468,2010,5.58
217,3,22,468,2011,5.61
217,3,22,468,2012,5.61
217,3,22,468,2013,5.61
217,3,22,468,2014,5.64
217,3,22,468,2015,5.74
217,3,22,468,2016,5.85
218,1,22,468,1990,3.69
218,1,22,468,1991,3.76
218,1,22,468,1992,3.86
218,1,22,468,1993,4.01
218,1,22,468,1994,4.2
218,1,22,468,1995,4.36
218,1,22,468,1996,4.58
218,1,22,468,1997,4.82
218,1,22,468,1998,5.11
218,1,22,468,1999,5.09
218,1,22,468,2000,5.2
218,1,22,468,2001,5.35
218,1,22,468,2002,5.46
218,1,22,468,2003,5.9
218,1,22,468,2004,5.98
218,1,22,468,2005,6.24
218,1,22,468,2006,6.43
218,1,22,468,2007,6.7
218,1,22,468,2008,7.1
218,1,22,468,2009,7.19
218,1,22,468,2010,7.4
218,1,22,468,2011,7.46
218,1,22,468,2012,7.62
218,1,22,468,2013,7.84
218,1,22,468,2014,8.05
218,1,22,468,2015,8.27
218,1,22,468,2016,8.43
218,3,22,468,1990,3.69
218,3,22,468,1991,3.76
218,3,22,468,1992,3.86
218,3,22,468,1993,4.01
218,3,22,468,1994,4.2
218,3,22,468,1995,4.36
218,3,22,468,1996,4.58
218,3,22,468,1997,4.82
218,3,22,468,1998,5.11
218,3,22,468,1999,5.09
218,3,22,468,2000,5.2
218,3,22,468,2001,5.35
218,3,22,468,2002,5.46
218,3,22,468,2003,5.9
218,3,22,468,2004,5.98
218,3,22,468,2005,6.24
218,3,22,468,2006,6.43
218,3,22,468,2007,6.7
218,3,22,468,2008,7.1
218,3,22,468,2009,7.19
218,3,22,468,2010,7.4
218,3,22,468,2011,7.46
218,3,22,468,2012,7.62
218,3,22,468,2013,7.84
218,3,22,468,2014,8.05
218,3,22,468,2015,8.27
218,3,22,468,2016,8.43
298,1,22,468,1990,0.06
298,1,22,468,1991,0.07
298,1,22,468,1992,0.07
298,1,22,468,1993,0.07
298,1,22,468,1994,0.07
298,1,22,468,1995,0.07
298,1,22,468,1996,0.07
298,1,22,468,1997,0.07
298,1,22,468,1998,0.07
298,1,22,468,1999,0.08
298,1,22,468,2000,0.08
298,1,22,468,2001,0.08
298,1,22,468,2002,0.09
298,1,22,468,2003,0.1
298,1,22,468,2004,0.1
298,1,22,468,2005,0.11
298,1,22,468,2006,0.11
298,1,22,468,2007,0.12
298,1,22,468,2008,0.12
298,1,22,468,2009,0.13
298,1,22,468,2010,0.14
298,1,22,468,2011,0.16
298,1,22,468,2012,0.17
298,1,22,468,2013,0.18
298,1,22,468,2014,0.19
298,1,22,468,2015,0.2
298,1,22,468,2016,0.2
298,3,22,468,1990,0.06
298,3,22,468,1991,0.07
298,3,22,468,1992,0.07
298,3,22,468,1993,0.07
298,3,22,468,1994,0.07
298,3,22,468,1995,0.07
298,3,22,468,1996,0.07
298,3,22,468,1997,0.07
298,3,22,468,1998,0.07
298,3,22,468,1999,0.08
298,3,22,468,2000,0.08
298,3,22,468,2001,0.08
298,3,22,468,2002,0.09
298,3,22,468,2003,0.1
298,3,22,468,2004,0.1
298,3,22,468,2005,0.11
298,3,22,468,2006,0.11
298,3,22,468,2007,0.12
298,3,22,468,2008,0.12
298,3,22,468,2009,0.13
298,3,22,468,2010,0.14
298,3,22,468,2011,0.16
298,3,22,468,2012,0.17
298,3,22,468,2013,0.18
298,3,22,468,2014,0.19
298,3,22,468,2015,0.2
298,3,22,468,2016,0.2
305,1,22,468,1990,0.15
305,1,22,468,1991,0.15
305,1,22,468,1992,0.16
305,1,22,468,1993,0.16
305,1,22,468,1994,0.15
305,1,22,468,1995,0.16
305,1,22,468,1996,0.15
305,1,22,468,1997,0.16
305,1,22,468,1998,0.16
305,1,22,468,1999,0.14
305,1,22,468,2000,0.13
305,1,22,468,2001,0.14
305,1,22,468,2002,0.14
305,1,22,468,2003,0.14
305,1,22,468,2004,0.14
305,1,22,468,2005,0.16
305,1,22,468,2006,0.16
305,1,22,468,2007,0.17
305,1,22,468,2008,0.17
305,1,22,468,2009,0.17
305,1,22,468,2010,0.17
305,1,22,468,2011,0.17
305,1,22,468,2012,0.17
305,1,22,468,2013,0.17
305,1,22,468,2014,0.16
305,1,22,468,2015,0.16
305,1,22,468,2016,0.18
305,3,22,468,1990,0.15
305,3,22,468,1991,0.15
305,3,22,468,1992,0.16
305,3,22,468,1993,0.16
305,3,22,468,1994,0.15
305,3,22,468,1995,0.16
305,3,22,468,1996,0.15
305,3,22,468,1997,0.16
305,3,22,468,1998,0.16
305,3,22,468,1999,0.14
305,3,22,468,2000,0.13
305,3,22,468,2001,0.14
305,3,22,468,2002,0.14
305,3,22,468,2003,0.14
305,3,22,468,2004,0.14
305,3,22,468,2005,0.16
305,3,22,468,2006,0.16
305,3,22,468,2007,0.17
305,3,22,468,2008,0.17
305,3,22,468,2009,0.17
305,3,22,468,2010,0.17
305,3,22,468,2011,0.17
305,3,22,468,2012,0.17
305,3,22,468,2013,0.17
305,3,22,468,2014,0.16
305,3,22,468,2015,0.16
305,3,22,468,2016,0.18
349,1,22,468,1990,1.39
349,1,22,468,1991,1.32
349,1,22,468,1992,1.23
349,1,22,468,1993,1.16
349,1,22,468,1994,1.11
349,1,22,468,1995,1.09
349,1,22,468,1996,1
349,1,22,468,1997,0.84
349,1,22,468,1998,0.92
349,1,22,468,1999,0.84
349,1,22,468,2000,0.88
349,1,22,468,2001,0.82
349,1,22,468,2002,0.71
349,1,22,468,2003,0.62
349,1,22,468,2004,0.59
349,1,22,468,2005,0.58
349,1,22,468,2006,0.59
349,1,22,468,2007,0.65
349,1,22,468,2008,0.67
349,1,22,468,2009,0.71
349,1,22,468,2010,0.75
349,1,22,468,2011,0.68
349,1,22,468,2012,0.67
349,1,22,468,2013,0.62
349,1,22,468,2014,0.65
349,1,22,468,2015,0.66
349,1,22,468,2016,0.67
349,3,22,468,1990,1.39
349,3,22,468,1991,1.32
349,3,22,468,1992,1.23
349,3,22,468,1993,1.16
349,3,22,468,1994,1.11
349,3,22,468,1995,1.09
349,3,22,468,1996,1
349,3,22,468,1997,0.84
349,3,22,468,1998,0.92
349,3,22,468,1999,0.84
349,3,22,468,2000,0.88
349,3,22,468,2001,0.82
349,3,22,468,2002,0.71
349,3,22,468,2003,0.62
349,3,22,468,2004,0.59
349,3,22,468,2005,0.58
349,3,22,468,2006,0.59
349,3,22,468,2007,0.65
349,3,22,468,2008,0.67
349,3,22,468,2009,0.71
349,3,22,468,2010,0.75
349,3,22,468,2011,0.68
349,3,22,468,2012,0.67
349,3,22,468,2013,0.62
349,3,22,468,2014,0.65
349,3,22,468,2015,0.66
349,3,22,468,2016,0.67
351,1,22,468,1990,1.07
351,1,22,468,1991,1.14
351,1,22,468,1992,1.19
351,1,22,468,1993,1.25
351,1,22,468,1994,1.3
351,1,22,468,1995,1.38
351,1,22,468,1996,1.32
351,1,22,468,1997,1.22
351,1,22,468,1998,1.18
351,1,22,468,1999,1.25
351,1,22,468,2000,1.28
351,1,22,468,2001,1.37
351,1,22,468,2002,1.56
351,1,22,468,2003,1.58
351,1,22,468,2004,1.64
351,1,22,468,2005,1.62
351,1,22,468,2006,1.78
351,1,22,468,2007,1.85
351,1,22,468,2008,1.92
351,1,22,468,2009,1.97
351,1,22,468,2010,1.97
351,1,22,468,2011,2.06
351,1,22,468,2012,2.16
351,1,22,468,2013,2.23
351,1,22,468,2014,2.31
351,1,22,468,2015,2.38
351,1,22,468,2016,2.41
351,3,22,468,1990,1.07
351,3,22,468,1991,1.14
351,3,22,468,1992,1.19
351,3,22,468,1993,1.25
351,3,22,468,1994,1.3
351,3,22,468,1995,1.38
351,3,22,468,1996,1.32
351,3,22,468,1997,1.22
351,3,22,468,1998,1.18
351,3,22,468,1999,1.25
351,3,22,468,2000,1.28
351,3,22,468,2001,1.37
351,3,22,468,2002,1.56
351,3,22,468,2003,1.58
351,3,22,468,2004,1.64
351,3,22,468,2005,1.62
351,3,22,468,2006,1.78
351,3,22,468,2007,1.85
351,3,22,468,2008,1.92
351,3,22,468,2009,1.97
351,3,22,468,2010,1.97
351,3,22,468,2011,2.06
351,3,22,468,2012,2.16
351,3,22,468,2013,2.23
351,3,22,468,2014,2.31
351,3,22,468,2015,2.38
351,3,22,468,2016,2.41
376,1,22,468,1990,0.2
376,1,22,468,1991,0.21
376,1,22,468,1992,0.23
376,1,22,468,1993,0.24
376,1,22,468,1994,0.26
376,1,22,468,1995,0.27
376,1,22,468,1996,0.28
376,1,22,468,1997,0.3
376,1,22,468,1998,0.31
376,1,22,468,1999,0.33
376,1,22,468,2000,0.36
376,1,22,468,2001,0.4
376,1,22,468,2002,0.48
376,1,22,468,2003,0.5
376,1,22,468,2004,0.53
376,1,22,468,2005,0.55
376,1,22,468,2006,0.6
376,1,22,468,2007,0.61
376,1,22,468,2008,0.65
376,1,22,468,2009,0.67
376,1,22,468,2010,0.68
376,1,22,468,2011,0.72
376,1,22,468,2012,0.76
376,1,22,468,2013,0.8
376,1,22,468,2014,0.84
376,1,22,468,2015,0.89
376,1,22,468,2016,0.93
376,3,22,468,1990,0.2
376,3,22,468,1991,0.21
376,3,22,468,1992,0.23
376,3,22,468,1993,0.24
376,3,22,468,1994,0.26
376,3,22,468,1995,0.27
376,3,22,468,1996,0.28
376,3,22,468,1997,0.3
376,3,22,468,1998,0.31
376,3,22,468,1999,0.33
376,3,22,468,2000,0.36
376,3,22,468,2001,0.4
376,3,22,468,2002,0.48
376,3,22,468,2003,0.5
376,3,22,468,2004,0.53
376,3,22,468,2005,0.55
376,3,22,468,2006,0.6
376,3,22,468,2007,0.61
376,3,22,468,2008,0.65
376,3,22,468,2009,0.67
376,3,22,468,2010,0.68
376,3,22,468,2011,0.72
376,3,22,468,2012,0.76
376,3,22,468,2013,0.8
376,3,22,468,2014,0.84
376,3,22,468,2015,0.89
376,3,22,468,2016,0.93
385,1,22,468,1990,26.87
385,1,22,468,1991,30.07
385,1,22,468,1992,32.37
385,1,22,468,1993,39.02
385,1,22,468,1994,42.72
385,1,22,468,1995,45.88
385,1,22,468,1996,51.22
385,1,22,468,1997,55.88
385,1,22,468,1998,54.05
385,1,22,468,1999,59.46
385,1,22,468,2000,66.54
385,1,22,468,2001,67.64
385,1,22,468,2002,72.47
385,1,22,468,2003,74.05
385,1,22,468,2004,81.39
385,1,22,468,2005,79.79
385,1,22,468,2006,85.78
385,1,22,468,2007,92.38
385,1,22,468,2008,93.78
385,1,22,468,2009,91.32
385,1,22,468,2010,96.26
385,1,22,468,2011,100.88
385,1,22,468,2012,108.14
385,1,22,468,2013,100.04
385,1,22,468,2014,96.78
385,1,22,468,2015,96.84
385,1,22,468,2016,97.95
385,3,22,468,1990,26.87
385,3,22,468,1991,30.07
385,3,22,468,1992,32.37
385,3,22,468,1993,39.02
385,3,22,468,1994,42.72
385,3,22,468,1995,45.88
385,3,22,468,1996,51.22
385,3,22,468,1997,55.88
385,3,22,468,1998,54.05
385,3,22,468,1999,59.46
385,3,22,468,2000,66.54
385,3,22,468,2001,67.64
385,3,22,468,2002,72.47
385,3,22,468,2003,74.05
385,3,22,468,2004,81.39
385,3,22,468,2005,79.79
385,3,22,468,2006,85.78
385,3,22,468,2007,92.38
385,3,22,468,2008,93.78
385,3,22,468,2009,91.32
385,3,22,468,2010,96.26
385,3,22,468,2011,100.88
385,3,22,468,2012,108.14
385,3,22,468,2013,100.04
385,3,22,468,2014,96.78
385,3,22,468,2015,96.84
385,3,22,468,2016,97.95
435,1,22,468,1990,5.07
435,1,22,468,1991,5.03
435,1,22,468,1992,4.97
435,1,22,468,1993,4.93
435,1,22,468,1994,4.91
435,1,22,468,1995,4.95
435,1,22,468,1996,5.04
435,1,22,468,1997,5.21
435,1,22,468,1998,5.41
435,1,22,468,1999,5.6
435,1,22,468,2000,5.79
435,1,22,468,2001,5.91
435,1,22,468,2002,6.05
435,1,22,468,2003,6.2
435,1,22,468,2004,6.37
435,1,22,468,2005,6.58
435,1,22,468,2006,6.8
435,1,22,468,2007,7.05
435,1,22,468,2008,7.34
435,1,22,468,2009,7.65
435,1,22,468,2010,8
435,1,22,468,2011,8.37
435,1,22,468,2012,8.75
435,1,22,468,2013,9.16
435,1,22,468,2014,9.6
435,1,22,468,2015,10.07
435,1,22,468,2016,10.48
435,3,22,468,1990,5.07
435,3,22,468,1991,5.03
435,3,22,468,1992,4.97
435,3,22,468,1993,4.93
435,3,22,468,1994,4.91
435,3,22,468,1995,4.95
435,3,22,468,1996,5.04
435,3,22,468,1997,5.21
435,3,22,468,1998,5.41
435,3,22,468,1999,5.6
435,3,22,468,2000,5.79
435,3,22,468,2001,5.91
435,3,22,468,2002,6.05
435,3,22,468,2003,6.2
435,3,22,468,2004,6.37
435,3,22,468,2005,6.58
435,3,22,468,2006,6.8
435,3,22,468,2007,7.05
435,3,22,468,2008,7.34
435,3,22,468,2009,7.65
435,3,22,468,2010,8
435,3,22,468,2011,8.37
435,3,22,468,2012,8.75
435,3,22,468,2013,9.16
435,3,22,468,2014,9.6
435,3,22,468,2015,10.07
435,3,22,468,2016,10.48
522,1,22,468,1990,30.77
522,1,22,468,1991,31.51
522,1,22,468,1992,32.42
522,1,22,468,1993,33.32
522,1,22,468,1994,34.17
522,1,22,468,1995,34.98
522,1,22,468,1996,35.36
522,1,22,468,1997,35.5
522,1,22,468,1998,35.56
522,1,22,468,1999,35.59
522,1,22,468,2000,35.67
522,1,22,468,2001,35.77
522,1,22,468,2002,36.07
522,1,22,468,2003,36.48
522,1,22,468,2004,37.04
522,1,22,468,2005,37.82
522,1,22,468,2006,38.5
522,1,22,468,2007,39.32
522,1,22,468,2008,40.41
522,1,22,468,2009,41.7
522,1,22,468,2010,43.11
522,1,22,468,2011,44.37
522,1,22,468,2012,45.94
522,1,22,468,2013,47.59
522,1,22,468,2014,49.38
522,1,22,468,2015,51.55
522,1,22,468,2016,53.77
522,3,22,468,1990,30.77
522,3,22,468,1991,31.51
522,3,22,468,1992,32.42
522,3,22,468,1993,33.32
522,3,22,468,1994,34.17
522,3,22,468,1995,34.98
522,3,22,468,1996,35.36
522,3,22,468,1997,35.5
522,3,22,468,1998,35.56
522,3,22,468,1999,35.59
522,3,22,468,2000,35.67
522,3,22,468,2001,35.77
522,3,22,468,2002,36.07
522,3,22,468,2003,36.48
522,3,22,468,2004,37.04
522,3,22,468,2005,37.82
522,3,22,468,2006,38.5
522,3,22,468,2007,39.32
522,3,22,468,2008,40.41
522,3,22,468,2009,41.7
522,3,22,468,2010,43.11
522,3,22,468,2011,44.37
522,3,22,468,2012,45.94
522,3,22,468,2013,47.59
522,3,22,468,2014,49.38
522,3,22,468,2015,51.55
522,3,22,468,2016,53.77
